785.7 0.000183
785.8 0.000188
785.9 0.000193
786 0.000198
786.1 0.000203
786.2 0.000209
786.3 0.000214
786.4 0.000220
786.5 0.000226
786.6 0.000232
786.7 0.000238
786.8 0.000245
786.9 0.000252
787 0.000259
787.1 0.000266
787.2 0.000274
787.3 0.000282
787.4 0.000289
787.5 0.000297
787.6 0.000305
787.7 0.000313
787.8 0.000321
787.9 0.000328
788 0.000336
788.1 0.000343
788.2 0.000351
788.3 0.000358
788.4 0.000365
788.5 0.000372
788.6 0.000380
788.7 0.000387
788.8 0.000395
788.9 0.000403
789 0.000412
789.1 0.000421
789.2 0.000431
789.3 0.000441
789.4 0.000451
789.5 0.000462
789.6 0.000473
789.7 0.000484
789.8 0.000496
789.9 0.000507
790 0.000519
790.1 0.000531
790.2 0.000543
790.3 0.000555
790.4 0.000567
790.5 0.000579
790.6 0.000591
790.7 0.000604
790.8 0.000616
790.9 0.000628
791 0.000641
791.1 0.000654
791.2 0.000666
791.3 0.000679
791.4 0.000693
791.5 0.000706
791.6 0.000720
791.7 0.000734
791.8 0.000748
791.9 0.000763
792 0.000778
792.1 0.000794
792.2 0.000810
792.3 0.000827
792.4 0.000844
792.5 0.000862
792.6 0.000880
792.7 0.000899
792.8 0.000919
792.9 0.000940
793 0.000961
793.1 0.000983
793.2 0.001006
793.3 0.001030
793.4 0.001054
793.5 0.001080
793.6 0.001106
793.7 0.001133
793.8 0.001162
793.9 0.001191
794 0.001221
794.1 0.001252
794.2 0.001284
794.3 0.001317
794.4 0.001350
794.5 0.001384
794.6 0.001418
794.7 0.001453
794.8 0.001487
794.9 0.001522
795 0.001556
795.1 0.001590
795.2 0.001624
795.3 0.001657
795.4 0.001691
795.5 0.001726
795.6 0.001760
795.7 0.001796
795.8 0.001832
795.9 0.001869
796 0.001907
796.1 0.001947
796.2 0.001987
796.3 0.002029
796.4 0.002072
796.5 0.002116
796.6 0.002161
796.7 0.002207
796.8 0.002254
796.9 0.002302
797 0.002350
797.1 0.002399
797.2 0.002449
797.3 0.002499
797.4 0.002551
797.5 0.002604
797.6 0.002657
797.7 0.002712
797.8 0.002768
797.9 0.002825
798 0.002884
798.1 0.002944
798.2 0.003006
798.3 0.003069
798.4 0.003134
798.5 0.003200
798.6 0.003268
798.7 0.003337
798.8 0.003408
798.9 0.003481
799 0.003555
799.1 0.003631
799.2 0.003708
799.3 0.003787
799.4 0.003867
799.5 0.003949
799.6 0.004032
799.7 0.004117
799.8 0.004203
799.9 0.004290
800 0.004379
800.1 0.004469
800.2 0.004561
800.3 0.004653
800.4 0.004748
800.5 0.004843
800.6 0.004940
800.7 0.005038
800.8 0.005138
800.9 0.005239
801 0.005341
801.1 0.005445
801.2 0.005550
801.3 0.005657
801.4 0.005766
801.5 0.005877
801.6 0.005990
801.7 0.006106
801.8 0.006224
801.9 0.006346
802 0.006470
802.1 0.006597
802.2 0.006728
802.3 0.006862
802.4 0.006998
802.5 0.007138
802.6 0.007280
802.7 0.007424
802.8 0.007572
802.9 0.007722
803 0.007874
803.1 0.008029
803.2 0.008186
803.3 0.008345
803.4 0.008507
803.5 0.008672
803.6 0.008839
803.7 0.009009
803.8 0.009182
803.9 0.009358
804 0.009537
804.1 0.009719
804.2 0.009904
804.3 0.010093
804.4 0.010285
804.5 0.010481
804.6 0.010681
804.7 0.010884
804.8 0.011092
804.9 0.011304
805 0.011520
805.1 0.011741
805.2 0.011965
805.3 0.012194
805.4 0.012427
805.5 0.012664
805.6 0.012905
805.7 0.013149
805.8 0.013396
805.9 0.013646
806 0.013900
806.1 0.014156
806.2 0.014416
806.3 0.014679
806.4 0.014945
806.5 0.015215
806.6 0.015489
806.7 0.015768
806.8 0.016050
806.9 0.016338
807 0.016630
807.1 0.016927
807.2 0.017230
807.3 0.017537
807.4 0.017850
807.5 0.018168
807.6 0.018492
807.7 0.018821
807.8 0.019155
807.9 0.019495
808 0.019840
808.1 0.020191
808.2 0.020548
808.3 0.020910
808.4 0.021278
808.5 0.021653
808.6 0.022033
808.7 0.022420
808.8 0.022814
808.9 0.023214
809 0.023620
809.1 0.024033
809.2 0.024453
809.3 0.024880
809.4 0.025314
809.5 0.025754
809.6 0.026202
809.7 0.026656
809.8 0.027117
809.9 0.027585
810 0.028060
810.1 0.028542
810.2 0.029031
810.3 0.029527
810.4 0.030030
810.5 0.030540
810.6 0.031058
810.7 0.031582
810.8 0.032114
810.9 0.032653
811 0.033200
811.1 0.033754
811.2 0.034316
811.3 0.034885
811.4 0.035461
811.5 0.036045
811.6 0.036637
811.7 0.037236
811.8 0.037843
811.9 0.038458
812 0.039080
812.1 0.039710
812.2 0.040348
812.3 0.040994
812.4 0.041647
812.5 0.042308
812.6 0.042977
812.7 0.043654
812.8 0.044338
812.9 0.045030
813 0.045730
813.1 0.046438
813.2 0.047154
813.3 0.047879
813.4 0.048613
813.5 0.049356
813.6 0.050111
813.7 0.050876
813.8 0.051652
813.9 0.052440
814 0.053240
814.1 0.054053
814.2 0.054879
814.3 0.055717
814.4 0.056567
814.5 0.057430
814.6 0.058304
814.7 0.059191
814.8 0.060089
814.9 0.060999
815 0.061920
815.1 0.062852
815.2 0.063796
815.3 0.064749
815.4 0.065713
815.5 0.066687
815.6 0.067670
815.7 0.068662
815.8 0.069663
815.9 0.070673
816 0.071690
816.1 0.072715
816.2 0.073748
816.3 0.074790
816.4 0.075840
816.5 0.076900
816.6 0.077969
816.7 0.079048
816.8 0.080138
816.9 0.081238
817 0.082350
817.1 0.083473
817.2 0.084607
817.3 0.085753
817.4 0.086909
817.5 0.088076
817.6 0.089253
817.7 0.090440
817.8 0.091637
817.9 0.092844
818 0.094060
818.1 0.095285
818.2 0.096520
818.3 0.097765
818.4 0.099020
818.5 0.100287
818.6 0.101565
818.7 0.102854
818.8 0.104157
818.9 0.105472
819 0.106800
819.1 0.108142
819.2 0.109498
819.3 0.110867
819.4 0.112249
819.5 0.113644
819.6 0.115051
819.7 0.116470
819.8 0.117902
819.9 0.119345
820 0.120800
820.1 0.122266
820.2 0.123743
820.3 0.125230
820.4 0.126727
820.5 0.128234
820.6 0.129750
820.7 0.131275
820.8 0.132809
820.9 0.134350
821 0.135900
821.1 0.137457
821.2 0.139022
821.3 0.140596
821.4 0.142179
821.5 0.143771
821.6 0.145374
821.7 0.146988
821.8 0.148613
821.9 0.150250
822 0.151900
822.1 0.153563
822.2 0.155239
822.3 0.156928
822.4 0.158630
822.5 0.160344
822.6 0.162071
822.7 0.163810
822.8 0.165561
822.9 0.167325
823 0.169100
823.1 0.170887
823.2 0.172685
823.3 0.174494
823.4 0.176313
823.5 0.178141
823.6 0.179978
823.7 0.181823
823.8 0.183675
823.9 0.185534
824 0.187400
824.1 0.189271
824.2 0.191149
824.3 0.193032
824.4 0.194922
824.5 0.196818
824.6 0.198720
824.7 0.200630
824.8 0.202546
824.9 0.204469
825 0.206400
825.1 0.208338
825.2 0.210284
825.3 0.212239
825.4 0.214203
825.5 0.216176
825.6 0.218159
825.7 0.220152
825.8 0.222157
825.9 0.224172
826 0.226200
826.1 0.228240
826.2 0.230291
826.3 0.232353
826.4 0.234424
826.5 0.236504
826.6 0.238591
826.7 0.240686
826.8 0.242786
826.9 0.244891
827 0.247000
827.1 0.249112
827.2 0.251227
827.3 0.253344
827.4 0.255463
827.5 0.257584
827.6 0.259706
827.7 0.261829
827.8 0.263952
827.9 0.266076
828 0.268200
828.1 0.270323
828.2 0.272442
828.3 0.274552
828.4 0.276652
828.5 0.278736
828.6 0.280801
828.7 0.282844
828.8 0.284861
828.9 0.286847
829 0.288800
829.1 0.290717
829.2 0.292602
829.3 0.294461
829.4 0.296299
829.5 0.298122
829.6 0.299935
829.7 0.301744
829.8 0.303554
829.9 0.305371
830 0.307200
830.1 0.309046
830.2 0.310913
830.3 0.312801
830.4 0.314713
830.5 0.316651
830.6 0.318617
830.7 0.320613
830.8 0.322640
830.9 0.324702
831 0.326800
831.1 0.328935
831.2 0.331104
831.3 0.333302
831.4 0.335527
831.5 0.337774
831.6 0.340039
831.7 0.342318
831.8 0.344607
831.9 0.346903
832 0.349200
832.1 0.351496
832.2 0.353791
832.3 0.356083
832.4 0.358375
832.5 0.360665
832.6 0.362954
832.7 0.365241
832.8 0.367528
832.9 0.369814
833 0.372100
833.1 0.374385
833.2 0.376668
833.3 0.378947
833.4 0.381222
833.5 0.383491
833.6 0.385753
833.7 0.388006
833.8 0.390249
833.9 0.392481
834 0.394700
834.1 0.396905
834.2 0.399100
834.3 0.401286
834.4 0.403466
834.5 0.405644
834.6 0.407823
834.7 0.410005
834.8 0.412193
834.9 0.414390
835 0.416600
835.1 0.418824
835.2 0.421063
835.3 0.423317
835.4 0.425586
835.5 0.427869
835.6 0.430166
835.7 0.432479
835.8 0.434805
835.9 0.437145
836 0.439500
836.1 0.441868
836.2 0.444245
836.3 0.446626
836.4 0.449006
836.5 0.451381
836.6 0.453745
836.7 0.456094
836.8 0.458423
836.9 0.460726
837 0.463000
837.1 0.465241
837.2 0.467452
837.3 0.469638
837.4 0.471805
837.5 0.473959
837.6 0.476104
837.7 0.478245
837.8 0.480388
837.9 0.482538
838 0.484700
838.1 0.486879
838.2 0.489073
838.3 0.491284
838.4 0.493508
838.5 0.495746
838.6 0.497997
838.7 0.500258
838.8 0.502530
838.9 0.504811
839 0.507100
839.1 0.509396
839.2 0.511695
839.3 0.513995
839.4 0.516291
839.5 0.518581
839.6 0.520859
839.7 0.523124
839.8 0.525372
839.9 0.527598
840 0.529800
840.1 0.531975
840.2 0.534126
840.3 0.536256
840.4 0.538369
840.5 0.540469
840.6 0.542559
840.7 0.544644
840.8 0.546726
840.9 0.548810
841 0.550900
841.1 0.552998
841.2 0.555102
841.3 0.557211
841.4 0.559321
841.5 0.561432
841.6 0.563540
841.7 0.565643
841.8 0.567739
841.9 0.569825
842 0.571900
842.1 0.573961
842.2 0.576007
842.3 0.578038
842.4 0.580054
842.5 0.582054
842.6 0.584037
842.7 0.586004
842.8 0.587954
842.9 0.589886
843 0.591800
843.1 0.593696
843.2 0.595578
843.3 0.597450
843.4 0.599315
843.5 0.601178
843.6 0.603043
843.7 0.604913
843.8 0.606794
843.9 0.608688
844 0.610600
844.1 0.612533
844.2 0.614483
844.3 0.616447
844.4 0.618419
844.5 0.620397
844.6 0.622374
844.7 0.624348
844.8 0.626313
844.9 0.628265
845 0.630200
845.1 0.632114
845.2 0.634007
845.3 0.635877
845.4 0.637724
845.5 0.639548
845.6 0.641348
845.7 0.643124
845.8 0.644874
845.9 0.646600
846 0.648300
846.1 0.649975
846.2 0.651629
846.3 0.653268
846.4 0.654898
846.5 0.656524
846.6 0.658153
846.7 0.659789
846.8 0.661438
846.9 0.663107
847 0.664800
847.1 0.666522
847.2 0.668270
847.3 0.670040
847.4 0.671828
847.5 0.673630
847.6 0.675441
847.7 0.677258
847.8 0.679076
847.9 0.680892
848 0.682700
848.1 0.684497
848.2 0.686281
848.3 0.688048
848.4 0.689795
848.5 0.691519
848.6 0.693218
848.7 0.694888
848.8 0.696527
848.9 0.698132
849 0.699700
849.1 0.701229
849.2 0.702724
849.3 0.704190
849.4 0.705633
849.5 0.707057
849.6 0.708469
849.7 0.709874
849.8 0.711277
849.9 0.712684
850 0.714100
850.1 0.715530
850.2 0.716973
850.3 0.718427
850.4 0.719892
850.5 0.721365
850.6 0.722844
850.7 0.724329
850.8 0.725818
850.9 0.727309
851 0.728800
851.1 0.730290
851.2 0.731775
851.3 0.733253
851.4 0.734720
851.5 0.736172
851.6 0.737607
851.7 0.739020
851.8 0.740409
851.9 0.741770
852 0.743100
852.1 0.744397
852.2 0.745665
852.3 0.746909
852.4 0.748134
852.5 0.749347
852.6 0.750551
852.7 0.751754
852.8 0.752959
852.9 0.754173
853 0.755400
853.1 0.756645
853.2 0.757907
853.3 0.759183
853.4 0.760470
853.5 0.761766
853.6 0.763070
853.7 0.764377
853.8 0.765686
853.9 0.766995
854 0.768300
854.1 0.769600
854.2 0.770892
854.3 0.772176
854.4 0.773450
854.5 0.774712
854.6 0.775962
854.7 0.777197
854.8 0.778416
854.9 0.779617
855 0.780800
855.1 0.781963
855.2 0.783110
855.3 0.784243
855.4 0.785367
855.5 0.786484
855.6 0.787598
855.7 0.788714
855.8 0.789834
855.9 0.790961
856 0.792100
856.1 0.793253
856.2 0.794418
856.3 0.795594
856.4 0.796777
856.5 0.797965
856.6 0.799156
856.7 0.800347
856.8 0.801537
856.9 0.802722
857 0.803900
857.1 0.805069
857.2 0.806226
857.3 0.807370
857.4 0.808498
857.5 0.809607
857.6 0.810696
857.7 0.811762
857.8 0.812802
857.9 0.813816
858 0.814800
858.1 0.815753
858.2 0.816680
858.3 0.817584
858.4 0.818471
858.5 0.819345
858.6 0.820212
858.7 0.821076
858.8 0.821942
858.9 0.822815
859 0.823700
859.1 0.824600
859.2 0.825515
859.3 0.826442
859.4 0.827380
859.5 0.828325
859.6 0.829277
859.7 0.830232
859.8 0.831189
859.9 0.832146
860 0.833100
860.1 0.834049
860.2 0.834992
860.3 0.835925
860.4 0.836846
860.5 0.837754
860.6 0.838645
860.7 0.839518
860.8 0.840369
860.9 0.841197
861 0.842000
861.1 0.842776
861.2 0.843529
861.3 0.844263
861.4 0.844984
861.5 0.845697
861.6 0.846405
861.7 0.847115
861.8 0.847831
861.9 0.848558
862 0.849300
862.1 0.850062
862.2 0.850843
862.3 0.851641
862.4 0.852456
862.5 0.853285
862.6 0.854127
862.7 0.854982
862.8 0.855846
862.9 0.856719
863 0.857600
863.1 0.858486
863.2 0.859375
863.3 0.860261
863.4 0.861142
863.5 0.862014
863.6 0.862873
863.7 0.863715
863.8 0.864536
863.9 0.865332
864 0.866100
864.1 0.866837
864.2 0.867545
864.3 0.868226
864.4 0.868884
864.5 0.869521
864.6 0.870141
864.7 0.870746
864.8 0.871339
864.9 0.871922
865 0.872500
865.1 0.873074
865.2 0.873647
865.3 0.874220
865.4 0.874795
865.5 0.875375
865.6 0.875961
865.7 0.876554
865.8 0.877157
865.9 0.877772
866 0.878400
866.1 0.879042
866.2 0.879696
866.3 0.880358
866.4 0.881024
866.5 0.881691
866.6 0.882354
866.7 0.883010
866.8 0.883656
866.9 0.884287
867 0.884900
867.1 0.885492
867.2 0.886064
867.3 0.886615
867.4 0.887148
867.5 0.887662
867.6 0.888160
867.7 0.888642
867.8 0.889108
867.9 0.889561
868 0.890000
868.1 0.890428
868.2 0.890846
868.3 0.891260
868.4 0.891672
868.5 0.892085
868.6 0.892504
868.7 0.892931
868.8 0.893371
868.9 0.893826
869 0.894300
869.1 0.894796
869.2 0.895311
869.3 0.895843
869.4 0.896390
869.5 0.896947
869.6 0.897512
869.7 0.898083
869.8 0.898657
869.9 0.899230
870 0.899800
870.1 0.900364
870.2 0.900921
870.3 0.901470
870.4 0.902010
870.5 0.902540
870.6 0.903058
870.7 0.903565
870.8 0.904058
870.9 0.904536
871 0.905000
871.1 0.905448
871.2 0.905883
871.3 0.906308
871.4 0.906728
871.5 0.907144
871.6 0.907561
871.7 0.907982
871.8 0.908409
871.9 0.908848
872 0.909300
872.1 0.909768
872.2 0.910249
872.3 0.910738
872.4 0.911230
872.5 0.911721
872.6 0.912207
872.7 0.912682
872.8 0.913143
872.9 0.913583
873 0.914000
873.1 0.914389
873.2 0.914753
873.3 0.915094
873.4 0.915416
873.5 0.915720
873.6 0.916012
873.7 0.916292
873.8 0.916565
873.9 0.916833
874 0.917100
874.1 0.917368
874.2 0.917641
874.3 0.917922
874.4 0.918215
874.5 0.918522
874.6 0.918848
874.7 0.919195
874.8 0.919567
874.9 0.919968
875 0.920400
875.1 0.920865
875.2 0.921358
875.3 0.921871
875.4 0.922397
875.5 0.922928
875.6 0.923456
875.7 0.923975
875.8 0.924477
875.9 0.924955
876 0.925400
876.1 0.925808
876.2 0.926181
876.3 0.926522
876.4 0.926837
876.5 0.927130
876.6 0.927404
876.7 0.927663
876.8 0.927913
876.9 0.928157
877 0.928400
877.1 0.928645
877.2 0.928894
877.3 0.929151
877.4 0.929416
877.5 0.929691
877.6 0.929980
877.7 0.930283
877.8 0.930602
877.9 0.930941
878 0.931300
878.1 0.931680
878.2 0.932077
878.3 0.932482
878.4 0.932890
878.5 0.933293
878.6 0.933684
878.7 0.934058
878.8 0.934406
878.9 0.934722
879 0.935000
879.1 0.935234
879.2 0.935429
879.3 0.935591
879.4 0.935725
879.5 0.935838
879.6 0.935936
879.7 0.936026
879.8 0.936112
879.9 0.936201
880 0.936300
880.1 0.936413
880.2 0.936543
880.3 0.936690
880.4 0.936856
880.5 0.937042
880.6 0.937248
880.7 0.937476
880.8 0.937726
880.9 0.938001
881 0.938300
881.1 0.938624
881.2 0.938967
881.3 0.939322
881.4 0.939684
881.5 0.940044
881.6 0.940397
881.7 0.940736
881.8 0.941054
881.9 0.941344
882 0.941600
882.1 0.941817
882.2 0.941998
882.3 0.942149
882.4 0.942275
882.5 0.942381
882.6 0.942473
882.7 0.942555
882.8 0.942633
882.9 0.942713
883 0.942800
883.1 0.942898
883.2 0.943010
883.3 0.943137
883.4 0.943281
883.5 0.943444
883.6 0.943628
883.7 0.943833
883.8 0.944063
883.9 0.944318
884 0.944600
884.1 0.944910
884.2 0.945241
884.3 0.945587
884.4 0.945939
884.5 0.946292
884.6 0.946637
884.7 0.946968
884.8 0.947277
884.9 0.947557
885 0.947800
885.1 0.948002
885.2 0.948164
885.3 0.948292
885.4 0.948390
885.5 0.948462
885.6 0.948514
885.7 0.948549
885.8 0.948572
885.9 0.948587
886 0.948600
886.1 0.948614
886.2 0.948633
886.3 0.948662
886.4 0.948702
886.5 0.948758
886.6 0.948834
886.7 0.948932
886.8 0.949057
886.9 0.949212
887 0.949400
887.1 0.949624
887.2 0.949879
887.3 0.950158
887.4 0.950457
887.5 0.950768
887.6 0.951086
887.7 0.951404
887.8 0.951716
887.9 0.952017
888 0.952300
888.1 0.952560
888.2 0.952797
888.3 0.953010
888.4 0.953202
888.5 0.953370
888.6 0.953518
888.7 0.953644
888.8 0.953749
888.9 0.953835
889 0.953900
889.1 0.953947
889.2 0.953979
889.3 0.954002
889.4 0.954020
889.5 0.954038
889.6 0.954061
889.7 0.954094
889.8 0.954141
889.9 0.954208
890 0.954300
890.1 0.954420
890.2 0.954565
890.3 0.954732
890.4 0.954917
890.5 0.955116
890.6 0.955327
890.7 0.955544
890.8 0.955764
890.9 0.955984
891 0.956200
891.1 0.956408
891.2 0.956607
891.3 0.956796
891.4 0.956972
891.5 0.957135
891.6 0.957283
891.7 0.957415
891.8 0.957529
891.9 0.957625
892 0.957700
892.1 0.957755
892.2 0.957792
892.3 0.957817
892.4 0.957833
892.5 0.957845
892.6 0.957857
892.7 0.957875
892.8 0.957901
892.9 0.957942
893 0.958000
893.1 0.958080
893.2 0.958180
893.3 0.958299
893.4 0.958435
893.5 0.958585
893.6 0.958749
893.7 0.958925
893.8 0.959109
893.9 0.959302
894 0.959500
894.1 0.959702
894.2 0.959904
894.3 0.960105
894.4 0.960301
894.5 0.960488
894.6 0.960665
894.7 0.960827
894.8 0.960972
894.9 0.961098
895 0.961200
895.1 0.961278
895.2 0.961333
895.3 0.961371
895.4 0.961396
895.5 0.961412
895.6 0.961422
895.7 0.961432
895.8 0.961446
895.9 0.961467
896 0.961500
896.1 0.961548
896.2 0.961610
896.3 0.961683
896.4 0.961765
896.5 0.961853
896.6 0.961944
896.7 0.962038
896.8 0.962129
896.9 0.962218
897 0.962300
897.1 0.962374
897.2 0.962442
897.3 0.962503
897.4 0.962561
897.5 0.962615
897.6 0.962669
897.7 0.962723
897.8 0.962778
897.9 0.962837
898 0.962900
898.1 0.962969
898.2 0.963043
898.3 0.963121
898.4 0.963202
898.5 0.963286
898.6 0.963370
898.7 0.963455
898.8 0.963539
898.9 0.963621
899 0.963700
899.1 0.963776
899.2 0.963847
899.3 0.963914
899.4 0.963975
899.5 0.964030
899.6 0.964079
899.7 0.964121
899.8 0.964155
899.9 0.964182
900 0.964200
900.1 0.964210
900.2 0.964214
900.3 0.964217
900.4 0.964221
900.5 0.964232
900.6 0.964252
900.7 0.964285
900.8 0.964335
900.9 0.964405
901 0.964500
901.1 0.964621
901.2 0.964765
901.3 0.964926
901.4 0.965100
901.5 0.965280
901.6 0.965462
901.7 0.965640
901.8 0.965809
901.9 0.965964
902 0.966100
902.1 0.966212
902.2 0.966301
902.3 0.966368
902.4 0.966417
902.5 0.966447
902.6 0.966462
902.7 0.966463
902.8 0.966452
902.9 0.966430
903 0.966400
903.1 0.966363
903.2 0.966323
903.3 0.966283
903.4 0.966247
903.5 0.966218
903.6 0.966199
903.7 0.966195
903.8 0.966208
903.9 0.966242
904 0.966300
904.1 0.966385
904.2 0.966493
904.3 0.966618
904.4 0.966758
904.5 0.966905
904.6 0.967057
904.7 0.967207
904.8 0.967350
904.9 0.967483
905 0.967600
905.1 0.967697
905.2 0.967776
905.3 0.967838
905.4 0.967887
905.5 0.967923
905.6 0.967949
905.7 0.967968
905.8 0.967981
905.9 0.967991
906 0.968000
906.1 0.968010
906.2 0.968023
906.3 0.968039
906.4 0.968062
906.5 0.968091
906.6 0.968129
906.7 0.968178
906.8 0.968238
906.9 0.968312
907 0.968400
907.1 0.968504
907.2 0.968620
907.3 0.968746
907.4 0.968878
907.5 0.969013
907.6 0.969146
907.7 0.969275
907.8 0.969396
907.9 0.969505
908 0.969600
908.1 0.969677
908.2 0.969737
908.3 0.969782
908.4 0.969814
908.5 0.969833
908.6 0.969841
908.7 0.969841
908.8 0.969833
908.9 0.969819
909 0.969800
909.1 0.969779
909.2 0.969757
909.3 0.969736
909.4 0.969718
909.5 0.969706
909.6 0.969702
909.7 0.969707
909.8 0.969723
909.9 0.969754
910 0.969800
910.1 0.969863
910.2 0.969941
910.3 0.970031
910.4 0.970128
910.5 0.970230
910.6 0.970334
910.7 0.970436
910.8 0.970534
910.9 0.970622
911 0.970700
911.1 0.970763
911.2 0.970812
911.3 0.970847
911.4 0.970867
911.5 0.970873
911.6 0.970865
911.7 0.970844
911.8 0.970809
911.9 0.970761
912 0.970700
912.1 0.970627
912.2 0.970544
912.3 0.970456
912.4 0.970366
912.5 0.970278
912.6 0.970196
912.7 0.970123
912.8 0.970064
912.9 0.970022
913 0.970000
913.1 0.970002
913.2 0.970025
913.3 0.970068
913.4 0.970128
913.5 0.970202
913.6 0.970288
913.7 0.970384
913.8 0.970486
913.9 0.970592
914 0.970700
914.1 0.970808
914.2 0.970913
914.3 0.971017
914.4 0.971117
914.5 0.971213
914.6 0.971304
914.7 0.971389
914.8 0.971467
914.9 0.971538
915 0.971600
915.1 0.971654
915.2 0.971700
915.3 0.971743
915.4 0.971782
915.5 0.971822
915.6 0.971864
915.7 0.971910
915.8 0.971964
915.9 0.972026
916 0.972100
916.1 0.972187
916.2 0.972284
916.3 0.972389
916.4 0.972500
916.5 0.972612
916.6 0.972723
916.7 0.972831
916.8 0.972931
916.9 0.973022
917 0.973100
917.1 0.973163
917.2 0.973211
917.3 0.973244
917.4 0.973263
917.5 0.973267
917.6 0.973259
917.7 0.973238
917.8 0.973204
917.9 0.973158
918 0.973100
918.1 0.973032
918.2 0.972955
918.3 0.972873
918.4 0.972789
918.5 0.972705
918.6 0.972625
918.7 0.972552
918.8 0.972488
918.9 0.972436
919 0.972400
919.1 0.972381
919.2 0.972379
919.3 0.972391
919.4 0.972415
919.5 0.972449
919.6 0.972491
919.7 0.972539
919.8 0.972592
919.9 0.972646
920 0.972700
920.1 0.972752
920.2 0.972801
920.3 0.972847
920.4 0.972888
920.5 0.972924
920.6 0.972954
920.7 0.972977
920.8 0.972993
920.9 0.973001
921 0.973000
921.1 0.972990
921.2 0.972972
921.3 0.972949
921.4 0.972922
921.5 0.972893
921.6 0.972865
921.7 0.972840
921.8 0.972819
921.9 0.972805
922 0.972800
922.1 0.972805
922.2 0.972821
922.3 0.972846
922.4 0.972882
922.5 0.972928
922.6 0.972984
922.7 0.973049
922.8 0.973124
922.9 0.973207
923 0.973300
923.1 0.973401
923.2 0.973508
923.3 0.973617
923.4 0.973726
923.5 0.973831
923.6 0.973930
923.7 0.974020
923.8 0.974097
923.9 0.974158
924 0.974200
924.1 0.974222
924.2 0.974225
924.3 0.974213
924.4 0.974190
924.5 0.974159
924.6 0.974123
924.7 0.974086
924.8 0.974050
924.9 0.974021
925 0.974000
925.1 0.973991
925.2 0.973994
925.3 0.974009
925.4 0.974034
925.5 0.974071
925.6 0.974118
925.7 0.974174
925.8 0.974241
925.9 0.974316
926 0.974400
926.1 0.974492
926.2 0.974589
926.3 0.974689
926.4 0.974788
926.5 0.974883
926.6 0.974972
926.7 0.975051
926.8 0.975117
926.9 0.975168
927 0.975200
927.1 0.975211
927.2 0.975204
927.3 0.975180
927.4 0.975143
927.5 0.975096
927.6 0.975041
927.7 0.974981
927.8 0.974919
927.9 0.974858
928 0.974800
928.1 0.974748
928.2 0.974704
928.3 0.974668
928.4 0.974640
928.5 0.974622
928.6 0.974614
928.7 0.974617
928.8 0.974632
928.9 0.974659
929 0.974700
929.1 0.974754
929.2 0.974819
929.3 0.974892
929.4 0.974967
929.5 0.975043
929.6 0.975115
929.7 0.975181
929.8 0.975236
929.9 0.975277
930 0.975300
930.1 0.975303
930.2 0.975289
930.3 0.975259
930.4 0.975218
930.5 0.975169
930.6 0.975113
930.7 0.975056
930.8 0.974999
930.9 0.974946
931 0.974900
931.1 0.974864
931.2 0.974838
931.3 0.974824
931.4 0.974822
931.5 0.974833
931.6 0.974857
931.7 0.974895
931.8 0.974948
931.9 0.975016
932 0.975100
932.1 0.975200
932.2 0.975314
932.3 0.975437
932.4 0.975568
932.5 0.975701
932.6 0.975834
932.7 0.975964
932.8 0.976087
932.9 0.976200
933 0.976300
933.1 0.976383
933.2 0.976450
933.3 0.976500
933.4 0.976534
933.5 0.976551
933.6 0.976552
933.7 0.976538
933.8 0.976508
933.9 0.976461
934 0.976400
934.1 0.976324
934.2 0.976236
934.3 0.976141
934.4 0.976043
934.5 0.975944
934.6 0.975851
934.7 0.975766
934.8 0.975693
934.9 0.975636
935 0.975600
935.1 0.975587
935.2 0.975595
935.3 0.975622
935.4 0.975665
935.5 0.975721
935.6 0.975787
935.7 0.975861
935.8 0.975940
935.9 0.976020
936 0.976100
936.1 0.976176
936.2 0.976248
936.3 0.976313
936.4 0.976372
936.5 0.976421
936.6 0.976461
936.7 0.976490
936.8 0.976507
936.9 0.976511
937 0.976500
937.1 0.976474
937.2 0.976436
937.3 0.976388
937.4 0.976336
937.5 0.976281
937.6 0.976228
937.7 0.976180
937.8 0.976140
937.9 0.976112
938 0.976100
938.1 0.976105
938.2 0.976127
938.3 0.976163
938.4 0.976210
938.5 0.976267
938.6 0.976330
938.7 0.976397
938.8 0.976466
938.9 0.976535
939 0.976600
939.1 0.976660
939.2 0.976714
939.3 0.976761
939.4 0.976799
939.5 0.976827
939.6 0.976846
939.7 0.976854
939.8 0.976849
939.9 0.976832
940 0.976800
940.1 0.976754
940.2 0.976698
940.3 0.976633
940.4 0.976566
940.5 0.976499
940.6 0.976435
940.7 0.976380
940.8 0.976337
940.9 0.976309
941 0.976300
941.1 0.976313
941.2 0.976346
941.3 0.976395
941.4 0.976457
941.5 0.976528
941.6 0.976605
941.7 0.976684
941.8 0.976762
941.9 0.976835
942 0.976900
942.1 0.976954
942.2 0.976996
942.3 0.977026
942.4 0.977045
942.5 0.977051
942.6 0.977045
942.7 0.977028
942.8 0.976997
942.9 0.976955
943 0.976900
943.1 0.976833
943.2 0.976757
943.3 0.976675
943.4 0.976590
943.5 0.976505
943.6 0.976424
943.7 0.976349
943.8 0.976285
943.9 0.976234
944 0.976200
944.1 0.976185
944.2 0.976187
944.3 0.976205
944.4 0.976236
944.5 0.976280
944.6 0.976333
944.7 0.976393
944.8 0.976459
944.9 0.976529
945 0.976600
945.1 0.976671
945.2 0.976740
945.3 0.976807
945.4 0.976869
945.5 0.976927
945.6 0.976978
945.7 0.977023
945.8 0.977058
945.9 0.977085
946 0.977100
946.1 0.977104
946.2 0.977099
946.3 0.977087
946.4 0.977069
946.5 0.977050
946.6 0.977031
946.7 0.977013
946.8 0.977001
946.9 0.976996
947 0.977000
947.1 0.977015
947.2 0.977042
947.3 0.977077
947.4 0.977121
947.5 0.977173
947.6 0.977230
947.7 0.977293
947.8 0.977360
947.9 0.977429
948 0.977500
948.1 0.977571
948.2 0.977641
948.3 0.977707
948.4 0.977768
948.5 0.977821
948.6 0.977864
948.7 0.977896
948.8 0.977914
948.9 0.977916
949 0.977900
949.1 0.977865
949.2 0.977814
949.3 0.977749
949.4 0.977675
949.5 0.977593
949.6 0.977508
949.7 0.977423
949.8 0.977341
949.9 0.977266
950 0.977200
950.1 0.977147
950.2 0.977106
950.3 0.977077
950.4 0.977061
950.5 0.977057
950.6 0.977064
950.7 0.977082
950.8 0.977111
950.9 0.977150
951 0.977200
951.1 0.977259
951.2 0.977326
951.3 0.977397
951.4 0.977471
951.5 0.977543
951.6 0.977612
951.7 0.977675
951.8 0.977729
951.9 0.977772
952 0.977800
952.1 0.977813
952.2 0.977811
952.3 0.977798
952.4 0.977776
952.5 0.977747
952.6 0.977715
952.7 0.977681
952.8 0.977649
952.9 0.977621
953 0.977600
953.1 0.977588
953.2 0.977584
953.3 0.977588
953.4 0.977601
953.5 0.977620
953.6 0.977645
953.7 0.977677
953.8 0.977713
953.9 0.977755
954 0.977800
954.1 0.977849
954.2 0.977899
954.3 0.977948
954.4 0.977995
954.5 0.978037
954.6 0.978072
954.7 0.978098
954.8 0.978112
954.9 0.978114
955 0.978100
955.1 0.978069
955.2 0.978024
955.3 0.977968
955.4 0.977903
955.5 0.977832
955.6 0.977759
955.7 0.977686
955.8 0.977617
955.9 0.977554
956 0.977500
956.1 0.977458
956.2 0.977427
956.3 0.977407
956.4 0.977397
956.5 0.977396
956.6 0.977404
956.7 0.977418
956.8 0.977440
956.9 0.977467
957 0.977500
957.1 0.977537
957.2 0.977576
957.3 0.977617
957.4 0.977657
957.5 0.977695
957.6 0.977730
957.7 0.977759
957.8 0.977782
957.9 0.977796
958 0.977800
958.1 0.977793
958.2 0.977778
958.3 0.977755
958.4 0.977728
958.5 0.977699
958.6 0.977669
958.7 0.977642
958.8 0.977620
958.9 0.977606
959 0.977600
959.1 0.977606
959.2 0.977622
959.3 0.977648
959.4 0.977682
959.5 0.977724
959.6 0.977771
959.7 0.977824
959.8 0.977880
959.9 0.977939
960 0.978000
960.1 0.978061
960.2 0.978121
960.3 0.978179
960.4 0.978233
960.5 0.978282
960.6 0.978325
960.7 0.978359
960.8 0.978384
960.9 0.978398
961 0.978400
961.1 0.978389
961.2 0.978367
961.3 0.978336
961.4 0.978300
961.5 0.978260
961.6 0.978219
961.7 0.978181
961.8 0.978146
961.9 0.978118
962 0.978100
962.1 0.978093
962.2 0.978097
962.3 0.978111
962.4 0.978134
962.5 0.978165
962.6 0.978203
962.7 0.978246
962.8 0.978294
962.9 0.978346
963 0.978400
963.1 0.978456
963.2 0.978512
963.3 0.978567
963.4 0.978619
963.5 0.978667
963.6 0.978710
963.7 0.978746
963.8 0.978774
963.9 0.978792
964 0.978800
964.1 0.978796
964.2 0.978781
964.3 0.978757
964.4 0.978727
964.5 0.978691
964.6 0.978652
964.7 0.978612
964.8 0.978572
964.9 0.978534
965 0.978500
965.1 0.978471
965.2 0.978449
965.3 0.978432
965.4 0.978422
965.5 0.978418
965.6 0.978420
965.7 0.978430
965.8 0.978446
965.9 0.978469
966 0.978500
966.1 0.978538
966.2 0.978581
966.3 0.978628
966.4 0.978676
966.5 0.978725
966.6 0.978771
966.7 0.978814
966.8 0.978851
966.9 0.978880
967 0.978900
967.1 0.978909
967.2 0.978908
967.3 0.978898
967.4 0.978881
967.5 0.978858
967.6 0.978830
967.7 0.978799
967.8 0.978766
967.9 0.978733
968 0.978700
968.1 0.978669
968.2 0.978642
968.3 0.978619
968.4 0.978603
968.5 0.978593
968.6 0.978593
968.7 0.978601
968.8 0.978621
968.9 0.978654
969 0.978700
969.1 0.978760
969.2 0.978832
969.3 0.978912
969.4 0.978996
969.5 0.979081
969.6 0.979164
969.7 0.979241
969.8 0.979308
969.9 0.979362
970 0.979400
970.1 0.979419
970.2 0.979420
970.3 0.979407
970.4 0.979381
970.5 0.979344
970.6 0.979301
970.7 0.979252
970.8 0.979201
970.9 0.979149
971 0.979100
971.1 0.979055
971.2 0.979016
971.3 0.978981
971.4 0.978952
971.5 0.978929
971.6 0.978911
971.7 0.978899
971.8 0.978893
971.9 0.978894
972 0.978900
972.1 0.978913
972.2 0.978931
972.3 0.978953
972.4 0.978977
972.5 0.979002
972.6 0.979028
972.7 0.979051
972.8 0.979072
972.9 0.979089
973 0.979100
973.1 0.979105
973.2 0.979103
973.3 0.979097
973.4 0.979087
973.5 0.979074
973.6 0.979059
973.7 0.979043
973.8 0.979027
973.9 0.979013
974 0.979000
974.1 0.978990
974.2 0.978984
974.3 0.978982
974.4 0.978984
974.5 0.978990
974.6 0.979001
974.7 0.979017
974.8 0.979039
974.9 0.979066
975 0.979100
975.1 0.979140
975.2 0.979185
975.3 0.979232
975.4 0.979281
975.5 0.979329
975.6 0.979375
975.7 0.979417
975.8 0.979453
975.9 0.979481
976 0.979500
976.1 0.979508
976.2 0.979506
976.3 0.979496
976.4 0.979478
976.5 0.979455
976.6 0.979428
976.7 0.979397
976.8 0.979365
976.9 0.979332
977 0.979300
977.1 0.979270
977.2 0.979244
977.3 0.979221
977.4 0.979202
977.5 0.979187
977.6 0.979177
977.7 0.979173
977.8 0.979175
977.9 0.979184
978 0.979200
978.1 0.979223
978.2 0.979253
978.3 0.979286
978.4 0.979322
978.5 0.979360
978.6 0.979396
978.7 0.979430
978.8 0.979460
978.9 0.979484
979 0.979500
979.1 0.979508
979.2 0.979507
979.3 0.979501
979.4 0.979489
979.5 0.979474
979.6 0.979458
979.7 0.979440
979.8 0.979424
979.9 0.979410
980 0.979400
980.1 0.979395
980.2 0.979395
980.3 0.979399
980.4 0.979407
980.5 0.979418
980.6 0.979431
980.7 0.979447
980.8 0.979464
980.9 0.979482
981 0.979500
981.1 0.979518
981.2 0.979537
981.3 0.979555
981.4 0.979574
981.5 0.979593
981.6 0.979613
981.7 0.979633
981.8 0.979654
981.9 0.979677
982 0.979700
982.1 0.979725
982.2 0.979750
982.3 0.979775
982.4 0.979800
982.5 0.979823
982.6 0.979845
982.7 0.979864
982.8 0.979880
982.9 0.979892
983 0.979900
983.1 0.979903
983.2 0.979902
983.3 0.979897
983.4 0.979889
983.5 0.979878
983.6 0.979864
983.7 0.979849
983.8 0.979833
983.9 0.979817
984 0.979800
984.1 0.979784
984.2 0.979769
984.3 0.979754
984.4 0.979741
984.5 0.979730
984.6 0.979719
984.7 0.979711
984.8 0.979705
984.9 0.979701
985 0.979700
985.1 0.979701
985.2 0.979704
985.3 0.979709
985.4 0.979713
985.5 0.979717
985.6 0.979720
985.7 0.979720
985.8 0.979717
985.9 0.979711
986 0.979700
986.1 0.979684
986.2 0.979664
986.3 0.979643
986.4 0.979622
986.5 0.979602
986.6 0.979587
986.7 0.979577
986.8 0.979575
986.9 0.979582
987 0.979600
987.1 0.979631
987.2 0.979672
987.3 0.979722
987.4 0.979777
987.5 0.979836
987.6 0.979896
987.7 0.979955
987.8 0.980010
987.9 0.980059
988 0.980100
988.1 0.980130
988.2 0.980151
988.3 0.980163
988.4 0.980168
988.5 0.980166
988.6 0.980159
988.7 0.980147
988.8 0.980133
988.9 0.980117
989 0.980100
989.1 0.980083
989.2 0.980068
989.3 0.980055
989.4 0.980045
989.5 0.980039
989.6 0.980038
989.7 0.980042
989.8 0.980054
989.9 0.980073
990 0.980100
990.1 0.980136
990.2 0.980180
990.3 0.980228
990.4 0.980279
990.5 0.980329
990.6 0.980378
990.7 0.980421
990.8 0.980458
990.9 0.980485
991 0.980500
991.1 0.980502
991.2 0.980491
991.3 0.980468
991.4 0.980435
991.5 0.980394
991.6 0.980345
991.7 0.980290
991.8 0.980230
991.9 0.980166
992 0.980100
992.1 0.980033
992.2 0.979968
992.3 0.979905
992.4 0.979847
992.5 0.979795
992.6 0.979752
992.7 0.979719
992.8 0.979698
992.9 0.979691
993 0.979700
993.1 0.979726
993.2 0.979767
993.3 0.979819
993.4 0.979882
993.5 0.979951
993.6 0.980024
993.7 0.980098
993.8 0.980170
993.9 0.980239
994 0.980300
994.1 0.980352
994.2 0.980394
994.3 0.980427
994.4 0.980451
994.5 0.980465
994.6 0.980470
994.7 0.980465
994.8 0.980452
994.9 0.980431
995 0.980400
995.1 0.980361
995.2 0.980316
995.3 0.980267
995.4 0.980216
995.5 0.980166
995.6 0.980118
995.7 0.980075
995.8 0.980040
995.9 0.980014
996 0.980000
996.1 0.979999
996.2 0.980011
996.3 0.980032
996.4 0.980062
996.5 0.980098
996.6 0.980138
996.7 0.980180
996.8 0.980222
996.9 0.980263
997 0.980300
997.1 0.980332
997.2 0.980358
997.3 0.980379
997.4 0.980395
997.5 0.980407
997.6 0.980413
997.7 0.980416
997.8 0.980414
997.9 0.980409
998 0.980400
998.1 0.980388
998.2 0.980373
998.3 0.980357
998.4 0.980341
998.5 0.980326
998.6 0.980313
998.7 0.980303
998.8 0.980296
998.9 0.980295
999 0.980300
999.1 0.980312
999.2 0.980330
999.3 0.980353
999.4 0.980382
999.5 0.980413
999.6 0.980448
999.7 0.980485
999.8 0.980523
999.9 0.980562
1000 0.980600
1000.1 0.980637
1000.2 0.980671
1000.3 0.980701
1000.4 0.980726
1000.5 0.980745
1000.6 0.980756
1000.7 0.980758
1000.8 0.980751
1000.9 0.980732
1001 0.980700
1001.1 0.980655
1001.2 0.980600
1001.3 0.980539
1001.4 0.980473
1001.5 0.980408
1001.6 0.980346
1001.7 0.980290
1001.8 0.980245
1001.9 0.980214
1002 0.980200
1002.1 0.980205
1002.2 0.980228
1002.3 0.980266
1002.4 0.980316
1002.5 0.980374
1002.6 0.980439
1002.7 0.980507
1002.8 0.980575
1002.9 0.980640
1003 0.980700
1003.1 0.980752
1003.2 0.980796
1003.3 0.980832
1003.4 0.980861
1003.5 0.980882
1003.6 0.980898
1003.7 0.980907
1003.8 0.980910
1003.9 0.980907
1004 0.980900
1004.1 0.980888
1004.2 0.980873
1004.3 0.980856
1004.4 0.980838
1004.5 0.980821
1004.6 0.980807
1004.7 0.980796
1004.8 0.980790
1004.9 0.980791
1005 0.980800
1005.1 0.980818
1005.2 0.980843
1005.3 0.980874
1005.4 0.980908
1005.5 0.980945
1005.6 0.980983
1005.7 0.981019
1005.8 0.981051
1005.9 0.981079
1006 0.981100
1006.1 0.981113
1006.2 0.981118
1006.3 0.981116
1006.4 0.981109
1006.5 0.981097
1006.6 0.981081
1006.7 0.981063
1006.8 0.981043
1006.9 0.981021
1007 0.981000
1007.1 0.980980
1007.2 0.980962
1007.3 0.980946
1007.4 0.980935
1007.5 0.980928
1007.6 0.980927
1007.7 0.980933
1007.8 0.980947
1007.9 0.980969
1008 0.981000
1008.1 0.981041
1008.2 0.981090
1008.3 0.981143
1008.4 0.981198
1008.5 0.981252
1008.6 0.981302
1008.7 0.981344
1008.8 0.981377
1008.9 0.981396
1009 0.981400
1009.1 0.981386
1009.2 0.981356
1009.3 0.981313
1009.4 0.981260
1009.5 0.981201
1009.6 0.981137
1009.7 0.981072
1009.8 0.981009
1009.9 0.980951
1010 0.980900
1010.1 0.980860
1010.2 0.980829
1010.3 0.980809
1010.4 0.980798
1010.5 0.980795
1010.6 0.980801
1010.7 0.980815
1010.8 0.980837
1010.9 0.980865
1011 0.980900
1011.1 0.980941
1011.2 0.980986
1011.3 0.981034
1011.4 0.981083
1011.5 0.981131
1011.6 0.981176
1011.7 0.981218
1011.8 0.981253
1011.9 0.981281
1012 0.981300
1012.1 0.981308
1012.2 0.981307
1012.3 0.981297
1012.4 0.981280
1012.5 0.981257
1012.6 0.981229
1012.7 0.981199
1012.8 0.981166
1012.9 0.981133
1013 0.981100
1013.1 0.981069
1013.2 0.981041
1013.3 0.981016
1013.4 0.980995
1013.5 0.980980
1013.6 0.980969
1013.7 0.980966
1013.8 0.980969
1013.9 0.980980
1014 0.981000
1014.1 0.981029
1014.2 0.981065
1014.3 0.981107
1014.4 0.981153
1014.5 0.981200
1014.6 0.981248
1014.7 0.981293
1014.8 0.981335
1014.9 0.981371
1015 0.981400
1015.1 0.981420
1015.2 0.981431
1015.3 0.981434
1015.4 0.981430
1015.5 0.981419
1015.6 0.981403
1015.7 0.981383
1015.8 0.981358
1015.9 0.981330
1016 0.981300
1016.1 0.981268
1016.2 0.981236
1016.3 0.981205
1016.4 0.981175
1016.5 0.981148
1016.6 0.981126
1016.7 0.981108
1016.8 0.981098
1016.9 0.981094
1017 0.981100
1017.1 0.981115
1017.2 0.981138
1017.3 0.981168
1017.4 0.981202
1017.5 0.981238
1017.6 0.981276
1017.7 0.981313
1017.8 0.981347
1017.9 0.981377
1018 0.981400
1018.1 0.981416
1018.2 0.981424
1018.3 0.981426
1018.4 0.981421
1018.5 0.981411
1018.6 0.981396
1018.7 0.981377
1018.8 0.981354
1018.9 0.981328
1019 0.981300
1019.1 0.981270
1019.2 0.981239
1019.3 0.981207
1019.4 0.981174
1019.5 0.981142
1019.6 0.981111
1019.7 0.981080
1019.8 0.981051
1019.9 0.981024
1020 0.981000
1020.1 0.980978
1020.2 0.980960
1020.3 0.980944
1020.4 0.980931
1020.5 0.980920
1020.6 0.980911
1020.7 0.980906
1020.8 0.980902
1020.9 0.980900
1021 0.980900
1021.1 0.980902
1021.2 0.980905
1021.3 0.980909
1021.4 0.980913
1021.5 0.980916
1021.6 0.980918
1021.7 0.980918
1021.8 0.980915
1021.9 0.980909
1022 0.980900
1022.1 0.980887
1022.2 0.980870
1022.3 0.980852
1022.4 0.980834
1022.5 0.980817
1022.6 0.980803
1022.7 0.980793
1022.8 0.980788
1022.9 0.980790
1023 0.980800
1023.1 0.980819
1023.2 0.980847
1023.3 0.980882
1023.4 0.980922
1023.5 0.980966
1023.6 0.981013
1023.7 0.981061
1023.8 0.981109
1023.9 0.981156
1024 0.981200
1024.1 0.981240
1024.2 0.981276
1024.3 0.981308
1024.4 0.981335
1024.5 0.981358
1024.6 0.981376
1024.7 0.981389
1024.8 0.981398
1024.9 0.981401
1025 0.981400
1025.1 0.981394
1025.2 0.981384
1025.3 0.981371
1025.4 0.981356
1025.5 0.981341
1025.6 0.981327
1025.7 0.981314
1025.8 0.981305
1025.9 0.981300
1026 0.981300
1026.1 0.981306
1026.2 0.981318
1026.3 0.981335
1026.4 0.981355
1026.5 0.981378
1026.6 0.981403
1026.7 0.981429
1026.8 0.981454
1026.9 0.981478
1027 0.981500
1027.1 0.981519
1027.2 0.981535
1027.3 0.981549
1027.4 0.981561
1027.5 0.981570
1027.6 0.981578
1027.7 0.981585
1027.8 0.981591
1027.9 0.981596
1028 0.981600
1028.1 0.981604
1028.2 0.981608
1028.3 0.981611
1028.4 0.981614
1028.5 0.981615
1028.6 0.981616
1028.7 0.981615
1028.8 0.981612
1028.9 0.981607
1029 0.981600
1029.1 0.981591
1029.2 0.981580
1029.3 0.981568
1029.4 0.981556
1029.5 0.981543
1029.6 0.981531
1029.7 0.981520
1029.8 0.981511
1029.9 0.981504
1030 0.981500
1030.1 0.981499
1030.2 0.981501
1030.3 0.981504
1030.4 0.981508
1030.5 0.981512
1030.6 0.981515
1030.7 0.981516
1030.8 0.981515
1030.9 0.981510
1031 0.981500
1031.1 0.981485
1031.2 0.981466
1031.3 0.981444
1031.4 0.981420
1031.5 0.981396
1031.6 0.981371
1031.7 0.981348
1031.8 0.981328
1031.9 0.981312
1032 0.981300
1032.1 0.981294
1032.2 0.981294
1032.3 0.981298
1032.4 0.981307
1032.5 0.981318
1032.6 0.981332
1032.7 0.981348
1032.8 0.981365
1032.9 0.981383
1033 0.981400
1033.1 0.981416
1033.2 0.981431
1033.3 0.981445
1033.4 0.981458
1033.5 0.981469
1033.6 0.981478
1033.7 0.981486
1033.8 0.981493
1033.9 0.981497
1034 0.981500
1034.1 0.981501
1034.2 0.981500
1034.3 0.981499
1034.4 0.981497
1034.5 0.981494
1034.6 0.981493
1034.7 0.981492
1034.8 0.981493
1034.9 0.981495
1035 0.981500
1035.1 0.981508
1035.2 0.981517
1035.3 0.981529
1035.4 0.981541
1035.5 0.981554
1035.6 0.981566
1035.7 0.981578
1035.8 0.981588
1035.9 0.981595
1036 0.981600
1036.1 0.981602
1036.2 0.981600
1036.3 0.981595
1036.4 0.981588
1036.5 0.981578
1036.6 0.981566
1036.7 0.981552
1036.8 0.981536
1036.9 0.981519
1037 0.981500
1037.1 0.981481
1037.2 0.981460
1037.3 0.981439
1037.4 0.981418
1037.5 0.981397
1037.6 0.981376
1037.7 0.981356
1037.8 0.981336
1037.9 0.981318
1038 0.981300
1038.1 0.981284
1038.2 0.981269
1038.3 0.981256
1038.4 0.981244
1038.5 0.981234
1038.6 0.981224
1038.7 0.981216
1038.8 0.981210
1038.9 0.981204
1039 0.981200
1039.1 0.981197
1039.2 0.981195
1039.3 0.981194
1039.4 0.981194
1039.5 0.981194
1039.6 0.981195
1039.7 0.981196
1039.8 0.981197
1039.9 0.981199
1040 0.981200
1040.1 0.981201
1040.2 0.981203
1040.3 0.981206
1040.4 0.981210
1040.5 0.981216
1040.6 0.981225
1040.7 0.981237
1040.8 0.981254
1040.9 0.981274
1041 0.981300
1041.1 0.981331
1041.2 0.981367
1041.3 0.981406
1041.4 0.981448
1041.5 0.981492
1041.6 0.981536
1041.7 0.981580
1041.8 0.981623
1041.9 0.981663
1042 0.981700
1042.1 0.981733
1042.2 0.981761
1042.3 0.981785
1042.4 0.981804
1042.5 0.981817
1042.6 0.981825
1042.7 0.981828
1042.8 0.981825
1042.9 0.981815
1043 0.981800
1043.1 0.981778
1043.2 0.981752
1043.3 0.981721
1043.4 0.981687
1043.5 0.981652
1043.6 0.981617
1043.7 0.981583
1043.8 0.981552
1043.9 0.981523
1044 0.981500
1044.1 0.981482
1044.2 0.981470
1044.3 0.981463
1044.4 0.981460
1044.5 0.981461
1044.6 0.981465
1044.7 0.981471
1044.8 0.981479
1044.9 0.981489
1045 0.981500
1045.1 0.981511
1045.2 0.981521
1045.3 0.981531
1045.4 0.981538
1045.5 0.981543
1045.6 0.981544
1045.7 0.981541
1045.8 0.981533
1045.9 0.981520
1046 0.981500
1046.1 0.981473
1046.2 0.981441
1046.3 0.981404
1046.4 0.981362
1046.5 0.981319
1046.6 0.981273
1046.7 0.981228
1046.8 0.981183
1046.9 0.981140
1047 0.981100
1047.1 0.981064
1047.2 0.981033
1047.3 0.981006
1047.4 0.980985
1047.5 0.980970
1047.6 0.980962
1047.7 0.980960
1047.8 0.980965
1047.9 0.980979
1048 0.981000
1048.1 0.981030
1048.2 0.981066
1048.3 0.981108
1048.4 0.981153
1048.5 0.981200
1048.6 0.981247
1048.7 0.981292
1048.8 0.981334
1048.9 0.981370
1049 0.981400
1049.1 0.981421
1049.2 0.981435
1049.3 0.981442
1049.4 0.981444
1049.5 0.981441
1049.6 0.981435
1049.7 0.981427
1049.8 0.981418
1049.9 0.981408
1050 0.981400
1050.1 0.981393
1050.2 0.981389
1050.3 0.981385
1050.4 0.981384
1050.5 0.981384
1050.6 0.981385
1050.7 0.981388
1050.8 0.981391
1050.9 0.981395
1051 0.981400
1051.1 0.981405
1051.2 0.981411
1051.3 0.981416
1051.4 0.981420
1051.5 0.981423
1051.6 0.981424
1051.7 0.981422
1051.8 0.981418
1051.9 0.981411
1052 0.981400
1052.1 0.981385
1052.2 0.981367
1052.3 0.981346
1052.4 0.981323
1052.5 0.981300
1052.6 0.981277
1052.7 0.981254
1052.8 0.981233
1052.9 0.981215
1053 0.981200
1053.1 0.981189
1053.2 0.981182
1053.3 0.981180
1053.4 0.981183
1053.5 0.981190
1053.6 0.981201
1053.7 0.981218
1053.8 0.981240
1053.9 0.981267
1054 0.981300
1054.1 0.981338
1054.2 0.981380
1054.3 0.981424
1054.4 0.981471
1054.5 0.981517
1054.6 0.981561
1054.7 0.981604
1054.8 0.981642
1054.9 0.981674
1055 0.981700
1055.1 0.981718
1055.2 0.981728
1055.3 0.981732
1055.4 0.981728
1055.5 0.981719
1055.6 0.981704
1055.7 0.981684
1055.8 0.981660
1055.9 0.981632
1056 0.981600
1056.1 0.981566
1056.2 0.981530
1056.3 0.981493
1056.4 0.981456
1056.5 0.981421
1056.6 0.981388
1056.7 0.981358
1056.8 0.981333
1056.9 0.981313
1057 0.981300
1057.1 0.981294
1057.2 0.981294
1057.3 0.981300
1057.4 0.981310
1057.5 0.981324
1057.6 0.981339
1057.7 0.981355
1057.8 0.981372
1057.9 0.981387
1058 0.981400
1058.1 0.981410
1058.2 0.981417
1058.3 0.981421
1058.4 0.981423
1058.5 0.981422
1058.6 0.981420
1058.7 0.981417
1058.8 0.981412
1058.9 0.981406
1059 0.981400
1059.1 0.981394
1059.2 0.981387
1059.3 0.981382
1059.4 0.981378
1059.5 0.981375
1059.6 0.981374
1059.7 0.981376
1059.8 0.981380
1059.9 0.981388
1060 0.981400
1060.1 0.981416
1060.2 0.981435
1060.3 0.981456
1060.4 0.981480
1060.5 0.981503
1060.6 0.981527
1060.7 0.981549
1060.8 0.981569
1060.9 0.981587
1061 0.981600
1061.1 0.981609
1061.2 0.981613
1061.3 0.981613
1061.4 0.981608
1061.5 0.981600
1061.6 0.981587
1061.7 0.981571
1061.8 0.981551
1061.9 0.981527
1062 0.981500
1062.1 0.981470
1062.2 0.981438
1062.3 0.981404
1062.4 0.981370
1062.5 0.981336
1062.6 0.981303
1062.7 0.981272
1062.8 0.981244
1062.9 0.981220
1063 0.981200
1063.1 0.981186
1063.2 0.981176
1063.3 0.981171
1063.4 0.981169
1063.5 0.981170
1063.6 0.981174
1063.7 0.981180
1063.8 0.981186
1063.9 0.981193
1064 0.981200
1064.1 0.981206
1064.2 0.981211
1064.3 0.981213
1064.4 0.981212
1064.5 0.981208
1064.6 0.981198
1064.7 0.981184
1064.8 0.981163
1064.9 0.981135
1065 0.981100
1065.1 0.981057
1065.2 0.981007
1065.3 0.980952
1065.4 0.980895
1065.5 0.980836
1065.6 0.980779
1065.7 0.980725
1065.8 0.980676
1065.9 0.980634
1066 0.980600
1066.1 0.980577
1066.2 0.980563
1066.3 0.980558
1066.4 0.980562
1066.5 0.980572
1066.6 0.980589
1066.7 0.980611
1066.8 0.980637
1066.9 0.980667
1067 0.980700
1067.1 0.980735
1067.2 0.980770
1067.3 0.980806
1067.4 0.980842
1067.5 0.980876
1067.6 0.980908
1067.7 0.980937
1067.8 0.980963
1067.9 0.980984
1068 0.981000
1068.1 0.981010
1068.2 0.981016
1068.3 0.981018
1068.4 0.981016
1068.5 0.981013
1068.6 0.981008
1068.7 0.981004
1068.8 0.981000
1068.9 0.980999
1069 0.981000
1069.1 0.981005
1069.2 0.981014
1069.3 0.981026
1069.4 0.981042
1069.5 0.981061
1069.6 0.981083
1069.7 0.981108
1069.8 0.981136
1069.9 0.981167
1070 0.981200
1070.1 0.981236
1070.2 0.981272
1070.3 0.981308
1070.4 0.981341
1070.5 0.981370
1070.6 0.981394
1070.7 0.981410
1070.8 0.981418
1070.9 0.981415
1071 0.981400
1071.1 0.981372
1071.2 0.981332
1071.3 0.981283
1071.4 0.981224
1071.5 0.981160
1071.6 0.981090
1071.7 0.981018
1071.8 0.980944
1071.9 0.980871
1072 0.980800
1072.1 0.980733
1072.2 0.980671
1072.3 0.980613
1072.4 0.980562
1072.5 0.980516
1072.6 0.980478
1072.7 0.980446
1072.8 0.980422
1072.9 0.980407
1073 0.980400
1073.1 0.980402
1073.2 0.980412
1073.3 0.980429
1073.4 0.980451
1073.5 0.980475
1073.6 0.980502
1073.7 0.980530
1073.8 0.980556
1073.9 0.980580
1074 0.980600
1074.1 0.980615
1074.2 0.980625
1074.3 0.980631
1074.4 0.980633
1074.5 0.980632
1074.6 0.980628
1074.7 0.980623
1074.8 0.980616
1074.9 0.980608
1075 0.980600
1075.1 0.980592
1075.2 0.980585
1075.3 0.980579
1075.4 0.980574
1075.5 0.980572
1075.6 0.980571
1075.7 0.980573
1075.8 0.980579
1075.9 0.980587
1076 0.980600
1076.1 0.980617
1076.2 0.980636
1076.3 0.980659
1076.4 0.980682
1076.5 0.980706
1076.6 0.980730
1076.7 0.980752
1076.8 0.980771
1076.9 0.980788
1077 0.980800
1077.1 0.980807
1077.2 0.980810
1077.3 0.980807
1077.4 0.980801
1077.5 0.980791
1077.6 0.980778
1077.7 0.980762
1077.8 0.980744
1077.9 0.980723
1078 0.980700
1078.1 0.980676
1078.2 0.980651
1078.3 0.980626
1078.4 0.980602
1078.5 0.980578
1078.6 0.980557
1078.7 0.980537
1078.8 0.980521
1078.9 0.980509
1079 0.980500
1079.1 0.980496
1079.2 0.980497
1079.3 0.980501
1079.4 0.980509
1079.5 0.980520
1079.6 0.980533
1079.7 0.980548
1079.8 0.980565
1079.9 0.980582
1080 0.980600
1080.1 0.980618
1080.2 0.980635
1080.3 0.980651
1080.4 0.980666
1080.5 0.980679
1080.6 0.980689
1080.7 0.980697
1080.8 0.980702
1080.9 0.980703
1081 0.980700
1081.1 0.980693
1081.2 0.980682
1081.3 0.980667
1081.4 0.980649
1081.5 0.980628
1081.6 0.980605
1081.7 0.980580
1081.8 0.980554
1081.9 0.980527
1082 0.980500
1082.1 0.980473
1082.2 0.980446
1082.3 0.980420
1082.4 0.980395
1082.5 0.980372
1082.6 0.980351
1082.7 0.980333
1082.8 0.980318
1082.9 0.980307
1083 0.980300
1083.1 0.980297
1083.2 0.980298
1083.3 0.980301
1083.4 0.980305
1083.5 0.980310
1083.6 0.980314
1083.7 0.980316
1083.8 0.980315
1083.9 0.980310
1084 0.980300
1084.1 0.980284
1084.2 0.980263
1084.3 0.980238
1084.4 0.980209
1084.5 0.980177
1084.6 0.980142
1084.7 0.980107
1084.8 0.980071
1084.9 0.980035
1085 0.980000
1085.1 0.979967
1085.2 0.979936
1085.3 0.979908
1085.4 0.979882
1085.5 0.979859
1085.6 0.979839
1085.7 0.979823
1085.8 0.979811
1085.9 0.979804
1086 0.979800
1086.1 0.979801
1086.2 0.979806
1086.3 0.979815
1086.4 0.979825
1086.5 0.979838
1086.6 0.979851
1086.7 0.979865
1086.8 0.979878
1086.9 0.979890
1087 0.979900
1087.1 0.979907
1087.2 0.979912
1087.3 0.979915
1087.4 0.979915
1087.5 0.979915
1087.6 0.979913
1087.7 0.979910
1087.8 0.979907
1087.9 0.979903
1088 0.979900
1088.1 0.979897
1088.2 0.979894
1088.3 0.979890
1088.4 0.979885
1088.5 0.979879
1088.6 0.979870
1088.7 0.979858
1088.8 0.979843
1088.9 0.979824
1089 0.979800
1089.1 0.979772
1089.2 0.979739
1089.3 0.979702
1089.4 0.979663
1089.5 0.979621
1089.6 0.979577
1089.7 0.979533
1089.8 0.979488
1089.9 0.979443
1090 0.979400
1090.1 0.979358
1090.2 0.979318
1090.3 0.979281
1090.4 0.979246
1090.5 0.979213
1090.6 0.979184
1090.7 0.979157
1090.8 0.979134
1090.9 0.979115
1091 0.979100
1091.1 0.979089
1091.2 0.979082
1091.3 0.979078
1091.4 0.979076
1091.5 0.979077
1091.6 0.979080
1091.7 0.979084
1091.8 0.979089
1091.9 0.979095
1092 0.979100
1092.1 0.979105
1092.2 0.979110
1092.3 0.979115
1092.4 0.979121
1092.5 0.979129
1092.6 0.979138
1092.7 0.979149
1092.8 0.979163
1092.9 0.979180
1093 0.979200
1093.1 0.979224
1093.2 0.979252
1093.3 0.979281
1093.4 0.979313
1093.5 0.979346
1093.6 0.979379
1093.7 0.979412
1093.8 0.979443
1093.9 0.979473
1094 0.979500
1094.1 0.979524
1094.2 0.979545
1094.3 0.979562
1094.4 0.979576
1094.5 0.979588
1094.6 0.979596
1094.7 0.979601
1094.8 0.979604
1094.9 0.979603
1095 0.979600
1095.1 0.979594
1095.2 0.979586
1095.3 0.979576
1095.4 0.979566
1095.5 0.979554
1095.6 0.979542
1095.7 0.979530
1095.8 0.979519
1095.9 0.979508
1096 0.979500
1096.1 0.979493
1096.2 0.979488
1096.3 0.979483
1096.4 0.979479
1096.5 0.979473
1096.6 0.979465
1096.7 0.979454
1096.8 0.979441
1096.9 0.979423
1097 0.979400
1097.1 0.979372
1097.2 0.979339
1097.3 0.979302
1097.4 0.979261
1097.5 0.979219
1097.6 0.979174
1097.7 0.979130
1097.8 0.979085
1097.9 0.979042
1098 0.979000
1098.1 0.978961
1098.2 0.978925
1098.3 0.978893
1098.4 0.978865
1098.5 0.978841
1098.6 0.978821
1098.7 0.978807
1098.8 0.978799
1098.9 0.978796
1099 0.978800
1099.1 0.978810
1099.2 0.978826
1099.3 0.978846
1099.4 0.978869
1099.5 0.978894
1099.6 0.978919
1099.7 0.978944
1099.8 0.978966
1099.9 0.978985
1100 0.979000
1100.1 0.979009
1100.2 0.979013
1100.3 0.979012
1100.4 0.979007
1100.5 0.978997
1100.6 0.978983
1100.7 0.978967
1100.8 0.978947
1100.9 0.978925
1101 0.978900
1101.1 0.978874
1101.2 0.978847
1101.3 0.978820
1101.4 0.978793
1101.5 0.978768
1101.6 0.978746
1101.7 0.978728
1101.8 0.978713
1101.9 0.978704
1102 0.978700
1102.1 0.978703
1102.2 0.978711
1102.3 0.978724
1102.4 0.978738
1102.5 0.978754
1102.6 0.978770
1102.7 0.978784
1102.8 0.978794
1102.9 0.978800
1103 0.978800
1103.1 0.978793
1103.2 0.978779
1103.3 0.978758
1103.4 0.978733
1103.5 0.978702
1103.6 0.978667
1103.7 0.978629
1103.8 0.978588
1103.9 0.978545
1104 0.978500
1104.1 0.978455
1104.2 0.978410
1104.3 0.978366
1104.4 0.978325
1104.5 0.978288
1104.6 0.978256
1104.7 0.978230
1104.8 0.978211
1104.9 0.978201
1105 0.978200
1105.1 0.978209
1105.2 0.978228
1105.3 0.978253
1105.4 0.978285
1105.5 0.978320
1105.6 0.978358
1105.7 0.978397
1105.8 0.978434
1105.9 0.978469
1106 0.978500
1106.1 0.978525
1106.2 0.978544
1106.3 0.978558
1106.4 0.978565
1106.5 0.978568
1106.6 0.978565
1106.7 0.978556
1106.8 0.978543
1106.9 0.978524
1107 0.978500
1107.1 0.978472
1107.2 0.978440
1107.3 0.978405
1107.4 0.978369
1107.5 0.978334
1107.6 0.978299
1107.7 0.978268
1107.8 0.978240
1107.9 0.978217
1108 0.978200
1108.1 0.978190
1108.2 0.978187
1108.3 0.978190
1108.4 0.978198
1108.5 0.978210
1108.6 0.978225
1108.7 0.978242
1108.8 0.978261
1108.9 0.978281
1109 0.978300
1109.1 0.978318
1109.2 0.978335
1109.3 0.978349
1109.4 0.978359
1109.5 0.978365
1109.6 0.978365
1109.7 0.978360
1109.8 0.978348
1109.9 0.978328
1110 0.978300
1110.1 0.978263
1110.2 0.978218
1110.3 0.978168
1110.4 0.978114
1110.5 0.978057
1110.6 0.978000
1110.7 0.977944
1110.8 0.977890
1110.9 0.977842
1111 0.977800
1111.1 0.977766
1111.2 0.977740
1111.3 0.977722
1111.4 0.977711
1111.5 0.977708
1111.6 0.977712
1111.7 0.977724
1111.8 0.977742
1111.9 0.977768
1112 0.977800
1112.1 0.977838
1112.2 0.977882
1112.3 0.977928
1112.4 0.977976
1112.5 0.978024
1112.6 0.978069
1112.7 0.978112
1112.8 0.978149
1112.9 0.978179
1113 0.978200
1113.1 0.978212
1113.2 0.978214
1113.3 0.978207
1113.4 0.978193
1113.5 0.978173
1113.6 0.978146
1113.7 0.978115
1113.8 0.978079
1113.9 0.978041
1114 0.978000
1114.1 0.977958
1114.2 0.977915
1114.3 0.977871
1114.4 0.977828
1114.5 0.977786
1114.6 0.977744
1114.7 0.977704
1114.8 0.977667
1114.9 0.977632
1115 0.977600
1115.1 0.977572
1115.2 0.977546
1115.3 0.977524
1115.4 0.977504
1115.5 0.977485
1115.6 0.977467
1115.7 0.977451
1115.8 0.977434
1115.9 0.977417
1116 0.977400
1116.1 0.977381
1116.2 0.977362
1116.3 0.977342
1116.4 0.977321
1116.5 0.977300
1116.6 0.977279
1116.7 0.977258
1116.8 0.977238
1116.9 0.977218
1117 0.977200
1117.1 0.977183
1117.2 0.977167
1117.3 0.977153
1117.4 0.977140
1117.5 0.977129
1117.6 0.977119
1117.7 0.977111
1117.8 0.977105
1117.9 0.977102
1118 0.977100
1118.1 0.977100
1118.2 0.977103
1118.3 0.977108
1118.4 0.977115
1118.5 0.977124
1118.6 0.977135
1118.7 0.977148
1118.8 0.977163
1118.9 0.977181
1119 0.977200
1119.1 0.977221
1119.2 0.977244
1119.3 0.977268
1119.4 0.977291
1119.5 0.977314
1119.6 0.977336
1119.7 0.977356
1119.8 0.977374
1119.9 0.977389
1120 0.977400
1120.1 0.977407
1120.2 0.977410
1120.3 0.977408
1120.4 0.977403
1120.5 0.977394
1120.6 0.977382
1120.7 0.977366
1120.8 0.977347
1120.9 0.977325
1121 0.977300
1121.1 0.977273
1121.2 0.977243
1121.3 0.977214
1121.4 0.977186
1121.5 0.977159
1121.6 0.977136
1121.7 0.977117
1121.8 0.977104
1121.9 0.977098
1122 0.977100
1122.1 0.977111
1122.2 0.977129
1122.3 0.977152
1122.4 0.977179
1122.5 0.977207
1122.6 0.977234
1122.7 0.977259
1122.8 0.977280
1122.9 0.977294
1123 0.977300
1123.1 0.977296
1123.2 0.977283
1123.3 0.977262
1123.4 0.977234
1123.5 0.977201
1123.6 0.977164
1123.7 0.977124
1123.8 0.977083
1123.9 0.977041
1124 0.977000
1124.1 0.976961
1124.2 0.976924
1124.3 0.976889
1124.4 0.976856
1124.5 0.976825
1124.6 0.976796
1124.7 0.976770
1124.8 0.976744
1124.9 0.976721
1125 0.976700
1125.1 0.976680
1125.2 0.976662
1125.3 0.976645
1125.4 0.976627
1125.5 0.976610
1125.6 0.976592
1125.7 0.976572
1125.8 0.976551
1125.9 0.976527
1126 0.976500
1126.1 0.976470
1126.2 0.976437
1126.3 0.976401
1126.4 0.976363
1126.5 0.976323
1126.6 0.976281
1126.7 0.976237
1126.8 0.976192
1126.9 0.976146
1127 0.976100
1127.1 0.976054
1127.2 0.976008
1127.3 0.975964
1127.4 0.975923
1127.5 0.975886
1127.6 0.975855
1127.7 0.975829
1127.8 0.975811
1127.9 0.975801
1128 0.975800
1128.1 0.975809
1128.2 0.975828
1128.3 0.975853
1128.4 0.975884
1128.5 0.975919
1128.6 0.975957
1128.7 0.975996
1128.8 0.976033
1128.9 0.976069
1129 0.976100
1129.1 0.976126
1129.2 0.976147
1129.3 0.976161
1129.4 0.976170
1129.5 0.976174
1129.6 0.976171
1129.7 0.976162
1129.8 0.976148
1129.9 0.976127
1130 0.976100
1130.1 0.976067
1130.2 0.976029
1130.3 0.975988
1130.4 0.975944
1130.5 0.975899
1130.6 0.975854
1130.7 0.975810
1130.8 0.975769
1130.9 0.975732
1131 0.975700
1131.1 0.975674
1131.2 0.975654
1131.3 0.975638
1131.4 0.975627
1131.5 0.975619
1131.6 0.975613
1131.7 0.975609
1131.8 0.975606
1131.9 0.975603
1132 0.975600
1132.1 0.975595
1132.2 0.975589
1132.3 0.975582
1132.4 0.975573
1132.5 0.975564
1132.6 0.975553
1132.7 0.975541
1132.8 0.975528
1132.9 0.975515
1133 0.975500
1133.1 0.975485
1133.2 0.975468
1133.3 0.975451
1133.4 0.975433
1133.5 0.975414
1133.6 0.975394
1133.7 0.975372
1133.8 0.975349
1133.9 0.975325
1134 0.975300
1134.1 0.975273
1134.2 0.975246
1134.3 0.975219
1134.4 0.975193
1134.5 0.975169
1134.6 0.975147
1134.7 0.975128
1134.8 0.975114
1134.9 0.975104
1135 0.975100
1135.1 0.975102
1135.2 0.975109
1135.3 0.975121
1135.4 0.975134
1135.5 0.975150
1135.6 0.975165
1135.7 0.975179
1135.8 0.975190
1135.9 0.975197
1136 0.975200
1136.1 0.975196
1136.2 0.975186
1136.3 0.975170
1136.4 0.975148
1136.5 0.975121
1136.6 0.975087
1136.7 0.975048
1136.8 0.975004
1136.9 0.974955
1137 0.974900
1137.1 0.974841
1137.2 0.974778
1137.3 0.974715
1137.4 0.974652
1137.5 0.974593
1137.6 0.974537
1137.7 0.974488
1137.8 0.974448
1137.9 0.974418
1138 0.974400
1138.1 0.974396
1138.2 0.974403
1138.3 0.974420
1138.4 0.974444
1138.5 0.974472
1138.6 0.974503
1138.7 0.974533
1138.8 0.974561
1138.9 0.974584
1139 0.974600
1139.1 0.974607
1139.2 0.974605
1139.3 0.974595
1139.4 0.974579
1139.5 0.974557
1139.6 0.974531
1139.7 0.974501
1139.8 0.974468
1139.9 0.974434
1140 0.974400
1140.1 0.974366
1140.2 0.974333
1140.3 0.974300
1140.4 0.974268
1140.5 0.974237
1140.6 0.974207
1140.7 0.974179
1140.8 0.974151
1140.9 0.974125
1141 0.974100
1141.1 0.974077
1141.2 0.974055
1141.3 0.974034
1141.4 0.974014
1141.5 0.973994
1141.6 0.973975
1141.7 0.973957
1141.8 0.973938
1141.9 0.973919
1142 0.973900
1142.1 0.973880
1142.2 0.973860
1142.3 0.973840
1142.4 0.973819
1142.5 0.973798
1142.6 0.973778
1142.7 0.973757
1142.8 0.973738
1142.9 0.973719
1143 0.973700
1143.1 0.973683
1143.2 0.973666
1143.3 0.973651
1143.4 0.973637
1143.5 0.973626
1143.6 0.973616
1143.7 0.973608
1143.8 0.973603
1143.9 0.973600
1144 0.973600
1144.1 0.973603
1144.2 0.973609
1144.3 0.973617
1144.4 0.973626
1144.5 0.973637
1144.6 0.973650
1144.7 0.973662
1144.8 0.973675
1144.9 0.973688
1145 0.973700
1145.1 0.973711
1145.2 0.973721
1145.3 0.973729
1145.4 0.973734
1145.5 0.973737
1145.6 0.973737
1145.7 0.973734
1145.8 0.973727
1145.9 0.973716
1146 0.973700
1146.1 0.973680
1146.2 0.973655
1146.3 0.973627
1146.4 0.973596
1146.5 0.973564
1146.6 0.973530
1146.7 0.973496
1146.8 0.973463
1146.9 0.973430
1147 0.973400
1147.1 0.973372
1147.2 0.973347
1147.3 0.973324
1147.4 0.973303
1147.5 0.973283
1147.6 0.973265
1147.7 0.973248
1147.8 0.973232
1147.9 0.973216
1148 0.973200
1148.1 0.973184
1148.2 0.973168
1148.3 0.973152
1148.4 0.973134
1148.5 0.973116
1148.6 0.973096
1148.7 0.973075
1148.8 0.973052
1148.9 0.973027
1149 0.973000
1149.1 0.972971
1149.2 0.972939
1149.3 0.972907
1149.4 0.972874
1149.5 0.972841
1149.6 0.972809
1149.7 0.972778
1149.8 0.972749
1149.9 0.972723
1150 0.972700
1150.1 0.972681
1150.2 0.972666
1150.3 0.972655
1150.4 0.972648
1150.5 0.972645
1150.6 0.972647
1150.7 0.972653
1150.8 0.972664
1150.9 0.972680
1151 0.972700
1151.1 0.972725
1151.2 0.972753
1151.3 0.972785
1151.4 0.972818
1151.5 0.972852
1151.6 0.972886
1151.7 0.972919
1151.8 0.972949
1151.9 0.972977
1152 0.973000
1152.1 0.973018
1152.2 0.973032
1152.3 0.973041
1152.4 0.973045
1152.5 0.973046
1152.6 0.973043
1152.7 0.973036
1152.8 0.973027
1152.9 0.973015
1153 0.973000
1153.1 0.972983
1153.2 0.972965
1153.3 0.972945
1153.4 0.972924
1153.5 0.972903
1153.6 0.972881
1153.7 0.972860
1153.8 0.972839
1153.9 0.972819
1154 0.972800
1154.1 0.972783
1154.2 0.972767
1154.3 0.972751
1154.4 0.972736
1154.5 0.972719
1154.6 0.972701
1154.7 0.972681
1154.8 0.972657
1154.9 0.972631
1155 0.972600
1155.1 0.972565
1155.2 0.972526
1155.3 0.972484
1155.4 0.972441
1155.5 0.972397
1155.6 0.972353
1155.7 0.972310
1155.8 0.972270
1155.9 0.972233
1156 0.972200
1156.1 0.972172
1156.2 0.972150
1156.3 0.972132
1156.4 0.972118
1156.5 0.972108
1156.6 0.972101
1156.7 0.972097
1156.8 0.972096
1156.9 0.972097
1157 0.972100
1157.1 0.972104
1157.2 0.972109
1157.3 0.972115
1157.4 0.972119
1157.5 0.972123
1157.6 0.972125
1157.7 0.972124
1157.8 0.972120
1157.9 0.972112
1158 0.972100
1158.1 0.972083
1158.2 0.972061
1158.3 0.972036
1158.4 0.972007
1158.5 0.971976
1158.6 0.971942
1158.7 0.971907
1158.8 0.971872
1158.9 0.971836
1159 0.971800
1159.1 0.971765
1159.2 0.971732
1159.3 0.971701
1159.4 0.971673
1159.5 0.971649
1159.6 0.971628
1159.7 0.971612
1159.8 0.971602
1159.9 0.971598
1160 0.971600
1160.1 0.971609
1160.2 0.971625
1160.3 0.971644
1160.4 0.971668
1160.5 0.971693
1160.6 0.971718
1160.7 0.971743
1160.8 0.971766
1160.9 0.971785
1161 0.971800
1161.1 0.971809
1161.2 0.971812
1161.3 0.971810
1161.4 0.971804
1161.5 0.971794
1161.6 0.971780
1161.7 0.971763
1161.8 0.971744
1161.9 0.971723
1162 0.971700
1162.1 0.971676
1162.2 0.971652
1162.3 0.971626
1162.4 0.971599
1162.5 0.971570
1162.6 0.971540
1162.7 0.971508
1162.8 0.971474
1162.9 0.971438
1163 0.971400
1163.1 0.971359
1163.2 0.971317
1163.3 0.971274
1163.4 0.971230
1163.5 0.971187
1163.6 0.971145
1163.7 0.971104
1163.8 0.971066
1163.9 0.971031
1164 0.971000
1164.1 0.970973
1164.2 0.970950
1164.3 0.970932
1164.4 0.970917
1164.5 0.970906
1164.6 0.970899
1164.7 0.970895
1164.8 0.970894
1164.9 0.970895
1165 0.970900
1165.1 0.970907
1165.2 0.970915
1165.3 0.970924
1165.4 0.970932
1165.5 0.970938
1165.6 0.970941
1165.7 0.970939
1165.8 0.970933
1165.9 0.970920
1166 0.970900
1166.1 0.970871
1166.2 0.970835
1166.3 0.970793
1166.4 0.970745
1166.5 0.970693
1166.6 0.970637
1166.7 0.970578
1166.8 0.970519
1166.9 0.970459
1167 0.970400
1167.1 0.970343
1167.2 0.970288
1167.3 0.970235
1167.4 0.970187
1167.5 0.970142
1167.6 0.970102
1167.7 0.970067
1167.8 0.970038
1167.9 0.970016
1168 0.970000
1168.1 0.969992
1168.2 0.969990
1168.3 0.969994
1168.4 0.970002
1168.5 0.970014
1168.6 0.970030
1168.7 0.970047
1168.8 0.970065
1168.9 0.970083
1169 0.970100
1169.1 0.970116
1169.2 0.970129
1169.3 0.970139
1169.4 0.970147
1169.5 0.970150
1169.6 0.970150
1169.7 0.970146
1169.8 0.970136
1169.9 0.970121
1170 0.970100
1170.1 0.970073
1170.2 0.970042
1170.3 0.970007
1170.4 0.969971
1170.5 0.969934
1170.6 0.969899
1170.7 0.969866
1170.8 0.969838
1170.9 0.969815
1171 0.969800
1171.1 0.969793
1171.2 0.969794
1171.3 0.969800
1171.4 0.969811
1171.5 0.969826
1171.6 0.969842
1171.7 0.969859
1171.8 0.969876
1171.9 0.969889
1172 0.969900
1172.1 0.969906
1172.2 0.969907
1172.3 0.969904
1172.4 0.969898
1172.5 0.969888
1172.6 0.969875
1172.7 0.969859
1172.8 0.969841
1172.9 0.969821
1173 0.969800
1173.1 0.969778
1173.2 0.969755
1173.3 0.969732
1173.4 0.969709
1173.5 0.969686
1173.6 0.969665
1173.7 0.969646
1173.8 0.969628
1173.9 0.969612
1174 0.969600
1174.1 0.969590
1174.2 0.969583
1174.3 0.969578
1174.4 0.969572
1174.5 0.969567
1174.6 0.969560
1174.7 0.969550
1174.8 0.969538
1174.9 0.969521
1175 0.969500
1175.1 0.969473
1175.2 0.969440
1175.3 0.969401
1175.4 0.969358
1175.5 0.969309
1175.6 0.969256
1175.7 0.969198
1175.8 0.969136
1175.9 0.969070
1176 0.969000
1176.1 0.968927
1176.2 0.968851
1176.3 0.968775
1176.4 0.968698
1176.5 0.968622
1176.6 0.968548
1176.7 0.968478
1176.8 0.968413
1176.9 0.968353
1177 0.968300
1177.1 0.968255
1177.2 0.968217
1177.3 0.968186
1177.4 0.968160
1177.5 0.968141
1177.6 0.968126
1177.7 0.968115
1177.8 0.968107
1177.9 0.968103
1178 0.968100
1178.1 0.968099
1178.2 0.968099
1178.3 0.968100
1178.4 0.968101
1178.5 0.968103
1178.6 0.968104
1178.7 0.968105
1178.8 0.968105
1178.9 0.968103
1179 0.968100
1179.1 0.968095
1179.2 0.968088
1179.3 0.968080
1179.4 0.968071
1179.5 0.968061
1179.6 0.968049
1179.7 0.968037
1179.8 0.968025
1179.9 0.968013
1180 0.968000
1180.1 0.967988
1180.2 0.967976
1180.3 0.967964
1180.4 0.967953
1180.5 0.967943
1180.6 0.967933
1180.7 0.967923
1180.8 0.967915
1180.9 0.967907
1181 0.967900
1181.1 0.967894
1181.2 0.967888
1181.3 0.967883
1181.4 0.967877
1181.5 0.967869
1181.6 0.967861
1181.7 0.967850
1181.8 0.967836
1181.9 0.967820
1182 0.967800
1182.1 0.967776
1182.2 0.967749
1182.3 0.967719
1182.4 0.967688
1182.5 0.967655
1182.6 0.967622
1182.7 0.967589
1182.8 0.967557
1182.9 0.967528
1183 0.967500
1183.1 0.967475
1183.2 0.967454
1183.3 0.967434
1183.4 0.967415
1183.5 0.967397
1183.6 0.967380
1183.7 0.967362
1183.8 0.967343
1183.9 0.967323
1184 0.967300
1184.1 0.967275
1184.2 0.967247
1184.3 0.967218
1184.4 0.967187
1184.5 0.967155
1184.6 0.967123
1184.7 0.967091
1184.8 0.967059
1184.9 0.967029
1185 0.967000
1185.1 0.966973
1185.2 0.966948
1185.3 0.966924
1185.4 0.966902
1185.5 0.966882
1185.6 0.966863
1185.7 0.966846
1185.8 0.966829
1185.9 0.966814
1186 0.966800
1186.1 0.966787
1186.2 0.966774
1186.3 0.966763
1186.4 0.966752
1186.5 0.966742
1186.6 0.966732
1186.7 0.966723
1186.8 0.966715
1186.9 0.966707
1187 0.966700
1187.1 0.966693
1187.2 0.966686
1187.3 0.966679
1187.4 0.966672
1187.5 0.966663
1187.6 0.966654
1187.7 0.966643
1187.8 0.966631
1187.9 0.966617
1188 0.966600
1188.1 0.966581
1188.2 0.966560
1188.3 0.966538
1188.4 0.966515
1188.5 0.966492
1188.6 0.966470
1188.7 0.966449
1188.8 0.966430
1188.9 0.966413
1189 0.966400
1189.1 0.966390
1189.2 0.966383
1189.3 0.966378
1189.4 0.966373
1189.5 0.966368
1189.6 0.966362
1189.7 0.966353
1189.8 0.966340
1189.9 0.966323
1190 0.966300
1190.1 0.966271
1190.2 0.966236
1190.3 0.966196
1190.4 0.966154
1190.5 0.966109
1190.6 0.966064
1190.7 0.966019
1190.8 0.965976
1190.9 0.965936
1191 0.965900
1191.1 0.965869
1191.2 0.965842
1191.3 0.965819
1191.4 0.965799
1191.5 0.965782
1191.6 0.965765
1191.7 0.965750
1191.8 0.965734
1191.9 0.965718
1192 0.965700
1192.1 0.965680
1192.2 0.965657
1192.3 0.965633
1192.4 0.965606
1192.5 0.965577
1192.6 0.965545
1192.7 0.965512
1192.8 0.965477
1192.9 0.965439
1193 0.965400
1193.1 0.965359
1193.2 0.965317
1193.3 0.965276
1193.4 0.965236
1193.5 0.965199
1193.6 0.965167
1193.7 0.965139
1193.8 0.965118
1193.9 0.965105
1194 0.965100
1194.1 0.965105
1194.2 0.965118
1194.3 0.965137
1194.4 0.965161
1194.5 0.965188
1194.6 0.965216
1194.7 0.965243
1194.8 0.965267
1194.9 0.965287
1195 0.965300
1195.1 0.965306
1195.2 0.965304
1195.3 0.965296
1195.4 0.965281
1195.5 0.965261
1195.6 0.965236
1195.7 0.965207
1195.8 0.965174
1195.9 0.965138
1196 0.965100
1196.1 0.965060
1196.2 0.965020
1196.3 0.964980
1196.4 0.964942
1196.5 0.964906
1196.6 0.964874
1196.7 0.964846
1196.8 0.964824
1196.9 0.964808
1197 0.964800
1197.1 0.964800
1197.2 0.964807
1197.3 0.964819
1197.4 0.964835
1197.5 0.964852
1197.6 0.964869
1197.7 0.964884
1197.8 0.964895
1197.9 0.964901
1198 0.964900
1198.1 0.964890
1198.2 0.964872
1198.3 0.964848
1198.4 0.964819
1198.5 0.964785
1198.6 0.964749
1198.7 0.964711
1198.8 0.964673
1198.9 0.964635
1199 0.964600
1199.1 0.964568
1199.2 0.964539
1199.3 0.964513
1199.4 0.964490
1199.5 0.964469
1199.6 0.964451
1199.7 0.964436
1199.8 0.964422
1199.9 0.964410
1200 0.964400
1200.1 0.964392
1200.2 0.964384
1200.3 0.964377
1200.4 0.964370
1200.5 0.964363
1200.6 0.964354
1200.7 0.964344
1200.8 0.964332
1200.9 0.964318
1201 0.964300
1201.1 0.964279
1201.2 0.964255
1201.3 0.964228
1201.4 0.964199
1201.5 0.964168
1201.6 0.964136
1201.7 0.964102
1201.8 0.964068
1201.9 0.964034
1202 0.964000
1202.1 0.963967
1202.2 0.963934
1202.3 0.963902
1202.4 0.963871
1202.5 0.963841
1202.6 0.963811
1202.7 0.963782
1202.8 0.963754
1202.9 0.963727
1203 0.963700
1203.1 0.963674
1203.2 0.963650
1203.3 0.963629
1203.4 0.963610
1203.5 0.963595
1203.6 0.963584
1203.7 0.963579
1203.8 0.963579
1203.9 0.963586
1204 0.963600
1204.1 0.963622
1204.2 0.963650
1204.3 0.963683
1204.4 0.963718
1204.5 0.963755
1204.6 0.963792
1204.7 0.963826
1204.8 0.963857
1204.9 0.963882
1205 0.963900
1205.1 0.963910
1205.2 0.963911
1205.3 0.963904
1205.4 0.963891
1205.5 0.963871
1205.6 0.963846
1205.7 0.963816
1205.8 0.963781
1205.9 0.963742
1206 0.963700
1206.1 0.963656
1206.2 0.963610
1206.3 0.963563
1206.4 0.963517
1206.5 0.963472
1206.6 0.963429
1206.7 0.963390
1206.8 0.963354
1206.9 0.963324
1207 0.963300
1207.1 0.963283
1207.2 0.963271
1207.3 0.963263
1207.4 0.963258
1207.5 0.963254
1207.6 0.963250
1207.7 0.963244
1207.8 0.963234
1207.9 0.963220
1208 0.963200
1208.1 0.963173
1208.2 0.963139
1208.3 0.963100
1208.4 0.963057
1208.5 0.963013
1208.6 0.962967
1208.7 0.962921
1208.8 0.962877
1208.9 0.962836
1209 0.962800
1209.1 0.962769
1209.2 0.962742
1209.3 0.962720
1209.4 0.962701
1209.5 0.962683
1209.6 0.962668
1209.7 0.962652
1209.8 0.962636
1209.9 0.962619
1210 0.962600
1210.1 0.962578
1210.2 0.962553
1210.3 0.962526
1210.4 0.962497
1210.5 0.962466
1210.6 0.962434
1210.7 0.962401
1210.8 0.962368
1210.9 0.962334
1211 0.962300
1211.1 0.962267
1211.2 0.962234
1211.3 0.962201
1211.4 0.962170
1211.5 0.962139
1211.6 0.962109
1211.7 0.962080
1211.8 0.962052
1211.9 0.962025
1212 0.962000
1212.1 0.961976
1212.2 0.961953
1212.3 0.961932
1212.4 0.961911
1212.5 0.961891
1212.6 0.961872
1212.7 0.961854
1212.8 0.961836
1212.9 0.961818
1213 0.961800
1213.1 0.961782
1213.2 0.961765
1213.3 0.961749
1213.4 0.961734
1213.5 0.961721
1213.6 0.961710
1213.7 0.961702
1213.8 0.961697
1213.9 0.961697
1214 0.961700
1214.1 0.961708
1214.2 0.961720
1214.3 0.961733
1214.4 0.961749
1214.5 0.961764
1214.6 0.961778
1214.7 0.961790
1214.8 0.961798
1214.9 0.961802
1215 0.961800
1215.1 0.961791
1215.2 0.961776
1215.3 0.961755
1215.4 0.961729
1215.5 0.961699
1215.6 0.961664
1215.7 0.961627
1215.8 0.961586
1215.9 0.961544
1216 0.961500
1216.1 0.961455
1216.2 0.961410
1216.3 0.961365
1216.4 0.961321
1216.5 0.961278
1216.6 0.961237
1216.7 0.961198
1216.8 0.961162
1216.9 0.961129
1217 0.961100
1217.1 0.961075
1217.2 0.961055
1217.3 0.961037
1217.4 0.961024
1217.5 0.961014
1217.6 0.961006
1217.7 0.961002
1217.8 0.960999
1217.9 0.960999
1218 0.961000
1218.1 0.961003
1218.2 0.961006
1218.3 0.961010
1218.4 0.961014
1218.5 0.961017
1218.6 0.961018
1218.7 0.961018
1218.8 0.961015
1218.9 0.961009
1219 0.961000
1219.1 0.960987
1219.2 0.960970
1219.3 0.960950
1219.4 0.960929
1219.5 0.960906
1219.6 0.960883
1219.7 0.960860
1219.8 0.960838
1219.9 0.960818
1220 0.960800
1220.1 0.960785
1220.2 0.960773
1220.3 0.960763
1220.4 0.960754
1220.5 0.960746
1220.6 0.960739
1220.7 0.960731
1220.8 0.960722
1220.9 0.960712
1221 0.960700
1221.1 0.960685
1221.2 0.960668
1221.3 0.960650
1221.4 0.960630
1221.5 0.960608
1221.6 0.960586
1221.7 0.960564
1221.8 0.960542
1221.9 0.960521
1222 0.960500
1222.1 0.960481
1222.2 0.960462
1222.3 0.960444
1222.4 0.960426
1222.5 0.960408
1222.6 0.960389
1222.7 0.960369
1222.8 0.960348
1222.9 0.960325
1223 0.960300
1223.1 0.960272
1223.2 0.960243
1223.3 0.960212
1223.4 0.960180
1223.5 0.960148
1223.6 0.960115
1223.7 0.960084
1223.8 0.960054
1223.9 0.960026
1224 0.960000
1224.1 0.959977
1224.2 0.959957
1224.3 0.959940
1224.4 0.959925
1224.5 0.959914
1224.6 0.959905
1224.7 0.959900
1224.8 0.959897
1224.9 0.959897
1225 0.959900
1225.1 0.959906
1225.2 0.959913
1225.3 0.959921
1225.4 0.959928
1225.5 0.959934
1225.6 0.959937
1225.7 0.959936
1225.8 0.959931
1225.9 0.959919
1226 0.959900
1226.1 0.959873
1226.2 0.959839
1226.3 0.959798
1226.4 0.959751
1226.5 0.959700
1226.6 0.959645
1226.7 0.959586
1226.8 0.959525
1226.9 0.959463
1227 0.959400
1227.1 0.959337
1227.2 0.959276
1227.3 0.959216
1227.4 0.959158
1227.5 0.959103
1227.6 0.959052
1227.7 0.959006
1227.8 0.958965
1227.9 0.958929
1228 0.958900
1228.1 0.958878
1228.2 0.958862
1228.3 0.958850
1228.4 0.958842
1228.5 0.958837
1228.6 0.958832
1228.7 0.958828
1228.8 0.958821
1228.9 0.958813
1229 0.958800
1229.1 0.958783
1229.2 0.958761
1229.3 0.958735
1229.4 0.958706
1229.5 0.958674
1229.6 0.958641
1229.7 0.958606
1229.8 0.958571
1229.9 0.958535
1230 0.958500
1230.1 0.958466
1230.2 0.958434
1230.3 0.958404
1230.4 0.958377
1230.5 0.958353
1230.6 0.958333
1230.7 0.958317
1230.8 0.958306
1230.9 0.958300
1231 0.958300
1231.1 0.958306
1231.2 0.958317
1231.3 0.958331
1231.4 0.958347
1231.5 0.958364
1231.6 0.958379
1231.7 0.958392
1231.8 0.958401
1231.9 0.958404
1232 0.958400
1232.1 0.958388
1232.2 0.958369
1232.3 0.958343
1232.4 0.958313
1232.5 0.958279
1232.6 0.958243
1232.7 0.958206
1232.8 0.958169
1232.9 0.958133
1233 0.958100
1233.1 0.958071
1233.2 0.958045
1233.3 0.958022
1233.4 0.958001
1233.5 0.957982
1233.6 0.957965
1233.7 0.957949
1233.8 0.957933
1233.9 0.957917
1234 0.957900
1234.1 0.957882
1234.2 0.957864
1234.3 0.957844
1234.4 0.957824
1234.5 0.957804
1234.6 0.957783
1234.7 0.957762
1234.8 0.957741
1234.9 0.957720
1235 0.957700
1235.1 0.957680
1235.2 0.957661
1235.3 0.957641
1235.4 0.957622
1235.5 0.957603
1235.6 0.957584
1235.7 0.957564
1235.8 0.957543
1235.9 0.957522
1236 0.957500
1236.1 0.957477
1236.2 0.957453
1236.3 0.957430
1236.4 0.957406
1236.5 0.957384
1236.6 0.957363
1236.7 0.957343
1236.8 0.957326
1236.9 0.957311
1237 0.957300
1237.1 0.957292
1237.2 0.957286
1237.3 0.957282
1237.4 0.957278
1237.5 0.957274
1237.6 0.957267
1237.7 0.957258
1237.8 0.957244
1237.9 0.957225
1238 0.957200
1238.1 0.957168
1238.2 0.957129
1238.3 0.957085
1238.4 0.957036
1238.5 0.956984
1238.6 0.956929
1238.7 0.956872
1238.8 0.956814
1238.9 0.956756
1239 0.956700
1239.1 0.956645
1239.2 0.956593
1239.3 0.956544
1239.4 0.956497
1239.5 0.956454
1239.6 0.956414
1239.7 0.956379
1239.8 0.956348
1239.9 0.956321
1240 0.956300
1240.1 0.956284
1240.2 0.956273
1240.3 0.956266
1240.4 0.956263
1240.5 0.956264
1240.6 0.956267
1240.7 0.956273
1240.8 0.956281
1240.9 0.956290
1241 0.956300
1241.1 0.956310
1241.2 0.956321
1241.3 0.956330
1241.4 0.956337
1241.5 0.956341
1241.6 0.956343
1241.7 0.956340
1241.8 0.956333
1241.9 0.956319
1242 0.956300
1242.1 0.956274
1242.2 0.956242
1242.3 0.956205
1242.4 0.956164
1242.5 0.956120
1242.6 0.956075
1242.7 0.956030
1242.8 0.955984
1242.9 0.955941
1243 0.955900
1243.1 0.955863
1243.2 0.955828
1243.3 0.955797
1243.4 0.955767
1243.5 0.955739
1243.6 0.955712
1243.7 0.955685
1243.8 0.955658
1243.9 0.955630
1244 0.955600
1244.1 0.955568
1244.2 0.955536
1244.3 0.955502
1244.4 0.955468
1244.5 0.955435
1244.6 0.955403
1244.7 0.955373
1244.8 0.955345
1244.9 0.955321
1245 0.955300
1245.1 0.955284
1245.2 0.955271
1245.3 0.955261
1245.4 0.955253
1245.5 0.955246
1245.6 0.955239
1245.7 0.955232
1245.8 0.955224
1245.9 0.955213
1246 0.955200
1246.1 0.955183
1246.2 0.955163
1246.3 0.955141
1246.4 0.955117
1246.5 0.955094
1246.6 0.955071
1246.7 0.955049
1246.8 0.955029
1246.9 0.955013
1247 0.955000
1247.1 0.954992
1247.2 0.954988
1247.3 0.954987
1247.4 0.954988
1247.5 0.954991
1247.6 0.954995
1247.7 0.954998
1247.8 0.955001
1247.9 0.955002
1248 0.955000
1248.1 0.954995
1248.2 0.954986
1248.3 0.954974
1248.4 0.954959
1248.5 0.954941
1248.6 0.954919
1248.7 0.954894
1248.8 0.954866
1248.9 0.954834
1249 0.954800
1249.1 0.954763
1249.2 0.954723
1249.3 0.954682
1249.4 0.954639
1249.5 0.954596
1249.6 0.954554
1249.7 0.954512
1249.8 0.954472
1249.9 0.954435
1250 0.954400
1250.1 0.954369
1250.2 0.954341
1250.3 0.954316
1250.4 0.954294
1250.5 0.954274
1250.6 0.954257
1250.7 0.954241
1250.8 0.954226
1250.9 0.954213
1251 0.954200
1251.1 0.954188
1251.2 0.954176
1251.3 0.954165
1251.4 0.954154
1251.5 0.954143
1251.6 0.954134
1251.7 0.954124
1251.8 0.954116
1251.9 0.954108
1252 0.954100
1252.1 0.954093
1252.2 0.954086
1252.3 0.954079
1252.4 0.954072
1252.5 0.954064
1252.6 0.954055
1252.7 0.954044
1252.8 0.954032
1252.9 0.954017
1253 0.954000
1253.1 0.953980
1253.2 0.953957
1253.3 0.953932
1253.4 0.953905
1253.5 0.953875
1253.6 0.953843
1253.7 0.953810
1253.8 0.953775
1253.9 0.953738
1254 0.953700
1254.1 0.953661
1254.2 0.953621
1254.3 0.953580
1254.4 0.953539
1254.5 0.953498
1254.6 0.953457
1254.7 0.953417
1254.8 0.953377
1254.9 0.953338
1255 0.953300
1255.1 0.953264
1255.2 0.953229
1255.3 0.953196
1255.4 0.953163
1255.5 0.953133
1255.6 0.953104
1255.7 0.953076
1255.8 0.953049
1255.9 0.953024
1256 0.953000
1256.1 0.952977
1256.2 0.952956
1256.3 0.952935
1256.4 0.952915
1256.5 0.952896
1256.6 0.952877
1256.7 0.952858
1256.8 0.952839
1256.9 0.952819
1257 0.952800
1257.1 0.952780
1257.2 0.952760
1257.3 0.952739
1257.4 0.952718
1257.5 0.952697
1257.6 0.952677
1257.7 0.952657
1257.8 0.952637
1257.9 0.952618
1258 0.952600
1258.1 0.952583
1258.2 0.952566
1258.3 0.952550
1258.4 0.952533
1258.5 0.952515
1258.6 0.952497
1258.7 0.952476
1258.8 0.952453
1258.9 0.952428
1259 0.952400
1259.1 0.952368
1259.2 0.952334
1259.3 0.952296
1259.4 0.952257
1259.5 0.952216
1259.6 0.952173
1259.7 0.952130
1259.8 0.952086
1259.9 0.952043
1260 0.952000
1260.1 0.951958
1260.2 0.951917
1260.3 0.951879
1260.4 0.951843
1260.5 0.951809
1260.6 0.951779
1260.7 0.951753
1260.8 0.951730
1260.9 0.951713
1261 0.951700
1261.1 0.951693
1261.2 0.951690
1261.3 0.951690
1261.4 0.951693
1261.5 0.951697
1261.6 0.951702
1261.7 0.951705
1261.8 0.951707
1261.9 0.951705
1262 0.951700
1262.1 0.951690
1262.2 0.951674
1262.3 0.951655
1262.4 0.951630
1262.5 0.951602
1262.6 0.951569
1262.7 0.951532
1262.8 0.951491
1262.9 0.951447
1263 0.951400
1263.1 0.951349
1263.2 0.951297
1263.3 0.951243
1263.4 0.951188
1263.5 0.951134
1263.6 0.951081
1263.7 0.951030
1263.8 0.950983
1263.9 0.950939
1264 0.950900
1264.1 0.950867
1264.2 0.950838
1264.3 0.950814
1264.4 0.950793
1264.5 0.950775
1264.6 0.950759
1264.7 0.950744
1264.8 0.950730
1264.9 0.950716
1265 0.950700
1265.1 0.950683
1265.2 0.950664
1265.3 0.950645
1265.4 0.950624
1265.5 0.950603
1265.6 0.950582
1265.7 0.950561
1265.8 0.950540
1265.9 0.950519
1266 0.950500
1266.1 0.950482
1266.2 0.950465
1266.3 0.950450
1266.4 0.950436
1266.5 0.950425
1266.6 0.950415
1266.7 0.950408
1266.8 0.950403
1266.9 0.950400
1267 0.950400
1267.1 0.950402
1267.2 0.950407
1267.3 0.950412
1267.4 0.950418
1267.5 0.950422
1267.6 0.950425
1267.7 0.950425
1267.8 0.950422
1267.9 0.950414
1268 0.950400
1268.1 0.950380
1268.2 0.950356
1268.3 0.950327
1268.4 0.950295
1268.5 0.950261
1268.6 0.950226
1268.7 0.950191
1268.8 0.950158
1268.9 0.950127
1269 0.950100
1269.1 0.950077
1269.2 0.950058
1269.3 0.950041
1269.4 0.950026
1269.5 0.950010
1269.6 0.949994
1269.7 0.949977
1269.8 0.949956
1269.9 0.949930
1270 0.949900
1270.1 0.949864
1270.2 0.949822
1270.3 0.949775
1270.4 0.949725
1270.5 0.949673
1270.6 0.949618
1270.7 0.949563
1270.8 0.949507
1270.9 0.949453
1271 0.949400
1271.1 0.949350
1271.2 0.949302
1271.3 0.949258
1271.4 0.949215
1271.5 0.949174
1271.6 0.949136
1271.7 0.949100
1271.8 0.949065
1271.9 0.949032
1272 0.949000
1272.1 0.948970
1272.2 0.948941
1272.3 0.948914
1272.4 0.948890
1272.5 0.948867
1272.6 0.948848
1272.7 0.948831
1272.8 0.948817
1272.9 0.948807
1273 0.948800
1273.1 0.948797
1273.2 0.948797
1273.3 0.948799
1273.4 0.948803
1273.5 0.948807
1273.6 0.948810
1273.7 0.948812
1273.8 0.948811
1273.9 0.948808
1274 0.948800
1274.1 0.948787
1274.2 0.948770
1274.3 0.948749
1274.4 0.948723
1274.5 0.948694
1274.6 0.948661
1274.7 0.948625
1274.8 0.948586
1274.9 0.948544
1275 0.948500
1275.1 0.948454
1275.2 0.948407
1275.3 0.948360
1275.4 0.948313
1275.5 0.948268
1275.6 0.948226
1275.7 0.948187
1275.8 0.948152
1275.9 0.948123
1276 0.948100
1276.1 0.948084
1276.2 0.948073
1276.3 0.948068
1276.4 0.948068
1276.5 0.948070
1276.6 0.948075
1276.7 0.948082
1276.8 0.948089
1276.9 0.948095
1277 0.948100
1277.1 0.948103
1277.2 0.948103
1277.3 0.948101
1277.4 0.948096
1277.5 0.948088
1277.6 0.948077
1277.7 0.948062
1277.8 0.948045
1277.9 0.948024
1278 0.948000
1278.1 0.947972
1278.2 0.947941
1278.3 0.947906
1278.4 0.947869
1278.5 0.947829
1278.6 0.947787
1278.7 0.947743
1278.8 0.947697
1278.9 0.947649
1279 0.947600
1279.1 0.947550
1279.2 0.947500
1279.3 0.947451
1279.4 0.947403
1279.5 0.947358
1279.6 0.947316
1279.7 0.947278
1279.8 0.947246
1279.9 0.947219
1280 0.947200
1280.1 0.947188
1280.2 0.947182
1280.3 0.947182
1280.4 0.947185
1280.5 0.947190
1280.6 0.947196
1280.7 0.947201
1280.8 0.947204
1280.9 0.947205
1281 0.947200
1281.1 0.947190
1281.2 0.947174
1281.3 0.947152
1281.4 0.947126
1281.5 0.947096
1281.6 0.947063
1281.7 0.947026
1281.8 0.946986
1281.9 0.946944
1282 0.946900
1282.1 0.946855
1282.2 0.946809
1282.3 0.946764
1282.4 0.946719
1282.5 0.946675
1282.6 0.946633
1282.7 0.946594
1282.8 0.946559
1282.9 0.946527
1283 0.946500
1283.1 0.946478
1283.2 0.946460
1283.3 0.946447
1283.4 0.946436
1283.5 0.946428
1283.6 0.946422
1283.7 0.946417
1283.8 0.946412
1283.9 0.946406
1284 0.946400
1284.1 0.946392
1284.2 0.946382
1284.3 0.946369
1284.4 0.946354
1284.5 0.946336
1284.6 0.946316
1284.7 0.946292
1284.8 0.946265
1284.9 0.946234
1285 0.946200
1285.1 0.946162
1285.2 0.946120
1285.3 0.946077
1285.4 0.946033
1285.5 0.945988
1285.6 0.945945
1285.7 0.945903
1285.8 0.945865
1285.9 0.945830
1286 0.945800
1286.1 0.945776
1286.2 0.945757
1286.3 0.945742
1286.4 0.945731
1286.5 0.945723
1286.6 0.945717
1286.7 0.945712
1286.8 0.945709
1286.9 0.945705
1287 0.945700
1287.1 0.945694
1287.2 0.945686
1287.3 0.945675
1287.4 0.945662
1287.5 0.945645
1287.6 0.945625
1287.7 0.945601
1287.8 0.945572
1287.9 0.945539
1288 0.945500
1288.1 0.945456
1288.2 0.945407
1288.3 0.945355
1288.4 0.945300
1288.5 0.945245
1288.6 0.945191
1288.7 0.945138
1288.8 0.945087
1288.9 0.945041
1289 0.945000
1289.1 0.944965
1289.2 0.944936
1289.3 0.944911
1289.4 0.944891
1289.5 0.944873
1289.6 0.944858
1289.7 0.944844
1289.8 0.944830
1289.9 0.944816
1290 0.944800
1290.1 0.944782
1290.2 0.944763
1290.3 0.944743
1290.4 0.944721
1290.5 0.944699
1290.6 0.944678
1290.7 0.944656
1290.8 0.944636
1290.9 0.944617
1291 0.944600
1291.1 0.944585
1291.2 0.944572
1291.3 0.944561
1291.4 0.944551
1291.5 0.944542
1291.6 0.944533
1291.7 0.944525
1291.8 0.944517
1291.9 0.944509
1292 0.944500
1292.1 0.944490
1292.2 0.944479
1292.3 0.944466
1292.4 0.944451
1292.5 0.944434
1292.6 0.944414
1292.7 0.944391
1292.8 0.944365
1292.9 0.944335
1293 0.944300
1293.1 0.944261
1293.2 0.944218
1293.3 0.944172
1293.4 0.944123
1293.5 0.944071
1293.6 0.944018
1293.7 0.943964
1293.8 0.943909
1293.9 0.943854
1294 0.943800
1294.1 0.943747
1294.2 0.943696
1294.3 0.943646
1294.4 0.943600
1294.5 0.943556
1294.6 0.943516
1294.7 0.943480
1294.8 0.943448
1294.9 0.943421
1295 0.943400
1295.1 0.943384
1295.2 0.943373
1295.3 0.943365
1295.4 0.943359
1295.5 0.943354
1295.6 0.943349
1295.7 0.943342
1295.8 0.943333
1295.9 0.943319
1296 0.943300
1296.1 0.943275
1296.2 0.943244
1296.3 0.943209
1296.4 0.943169
1296.5 0.943127
1296.6 0.943082
1296.7 0.943036
1296.8 0.942990
1296.9 0.942944
1297 0.942900
1297.1 0.942858
1297.2 0.942818
1297.3 0.942781
1297.4 0.942746
1297.5 0.942714
1297.6 0.942685
1297.7 0.942659
1297.8 0.942636
1297.9 0.942616
1298 0.942600
1298.1 0.942587
1298.2 0.942577
1298.3 0.942569
1298.4 0.942561
1298.5 0.942555
1298.6 0.942548
1298.7 0.942539
1298.8 0.942529
1298.9 0.942516
1299 0.942500
1299.1 0.942480
1299.2 0.942456
1299.3 0.942429
1299.4 0.942399
1299.5 0.942367
1299.6 0.942334
1299.7 0.942301
1299.8 0.942267
1299.9 0.942233
1300 0.942200
1300.1 0.942168
1300.2 0.942138
1300.3 0.942108
1300.4 0.942079
1300.5 0.942051
1300.6 0.942022
1300.7 0.941993
1300.8 0.941963
1300.9 0.941932
1301 0.941900
1301.1 0.941866
1301.2 0.941831
1301.3 0.941795
1301.4 0.941757
1301.5 0.941717
1301.6 0.941676
1301.7 0.941634
1301.8 0.941591
1301.9 0.941546
1302 0.941500
1302.1 0.941453
1302.2 0.941405
1302.3 0.941355
1302.4 0.941306
1302.5 0.941255
1302.6 0.941204
1302.7 0.941153
1302.8 0.941102
1302.9 0.941051
1303 0.941000
1303.1 0.940949
1303.2 0.940900
1303.3 0.940852
1303.4 0.940806
1303.5 0.940762
1303.6 0.940721
1303.7 0.940684
1303.8 0.940651
1303.9 0.940623
1304 0.940600
1304.1 0.940582
1304.2 0.940569
1304.3 0.940560
1304.4 0.940552
1304.5 0.940547
1304.6 0.940541
1304.7 0.940535
1304.8 0.940527
1304.9 0.940515
1305 0.940500
1305.1 0.940480
1305.2 0.940455
1305.3 0.940427
1305.4 0.940397
1305.5 0.940364
1305.6 0.940330
1305.7 0.940296
1305.8 0.940262
1305.9 0.940230
1306 0.940200
1306.1 0.940172
1306.2 0.940147
1306.3 0.940125
1306.4 0.940104
1306.5 0.940085
1306.6 0.940067
1306.7 0.940049
1306.8 0.940033
1306.9 0.940017
1307 0.940000
1307.1 0.939983
1307.2 0.939966
1307.3 0.939948
1307.4 0.939929
1307.5 0.939910
1307.6 0.939890
1307.7 0.939869
1307.8 0.939847
1307.9 0.939824
1308 0.939800
1308.1 0.939775
1308.2 0.939749
1308.3 0.939721
1308.4 0.939693
1308.5 0.939664
1308.6 0.939633
1308.7 0.939601
1308.8 0.939569
1308.9 0.939535
1309 0.939500
1309.1 0.939464
1309.2 0.939427
1309.3 0.939389
1309.4 0.939351
1309.5 0.939311
1309.6 0.939270
1309.7 0.939229
1309.8 0.939187
1309.9 0.939144
1310 0.939100
1310.1 0.939056
1310.2 0.939012
1310.3 0.938969
1310.4 0.938929
1310.5 0.938892
1310.6 0.938860
1310.7 0.938834
1310.8 0.938814
1310.9 0.938803
1311 0.938800
1311.1 0.938807
1311.2 0.938821
1311.3 0.938840
1311.4 0.938861
1311.5 0.938883
1311.6 0.938902
1311.7 0.938915
1311.8 0.938921
1311.9 0.938917
1312 0.938900
1312.1 0.938869
1312.2 0.938824
1312.3 0.938767
1312.4 0.938701
1312.5 0.938627
1312.6 0.938546
1312.7 0.938462
1312.8 0.938375
1312.9 0.938287
1313 0.938200
1313.1 0.938116
1313.2 0.938036
1313.3 0.937962
1313.4 0.937895
1313.5 0.937835
1313.6 0.937785
1313.7 0.937745
1313.8 0.937716
1313.9 0.937701
1314 0.937700
1314.1 0.937714
1314.2 0.937739
1314.3 0.937774
1314.4 0.937815
1314.5 0.937858
1314.6 0.937901
1314.7 0.937939
1314.8 0.937971
1314.9 0.937992
1315 0.938000
1315.1 0.937992
1315.2 0.937968
1315.3 0.937931
1315.4 0.937881
1315.5 0.937820
1315.6 0.937750
1315.7 0.937671
1315.8 0.937585
1315.9 0.937495
1316 0.937400
1316.1 0.937303
1316.2 0.937206
1316.3 0.937111
1316.4 0.937020
1316.5 0.936937
1316.6 0.936862
1316.7 0.936799
1316.8 0.936749
1316.9 0.936715
1317 0.936700
1317.1 0.936704
1317.2 0.936726
1317.3 0.936761
1317.4 0.936806
1317.5 0.936858
1317.6 0.936913
1317.7 0.936969
1317.8 0.937021
1317.9 0.937066
1318 0.937100
1318.1 0.937121
1318.2 0.937129
1318.3 0.937125
1318.4 0.937109
1318.5 0.937081
1318.6 0.937043
1318.7 0.936996
1318.8 0.936939
1318.9 0.936873
1319 0.936800
1319.1 0.936720
1319.2 0.936635
1319.3 0.936549
1319.4 0.936463
1319.5 0.936379
1319.6 0.936302
1319.7 0.936233
1319.8 0.936174
1319.9 0.936129
1320 0.936100
1320.1 0.936088
1320.2 0.936093
1320.3 0.936110
1320.4 0.936139
1320.5 0.936176
1320.6 0.936219
1320.7 0.936265
1320.8 0.936313
1320.9 0.936358
1321 0.936400
1321.1 0.936435
1321.2 0.936463
1321.3 0.936482
1321.4 0.936492
1321.5 0.936492
1321.6 0.936480
1321.7 0.936456
1321.8 0.936418
1321.9 0.936367
1322 0.936300
1322.1 0.936218
1322.2 0.936123
1322.3 0.936019
1322.4 0.935908
1322.5 0.935795
1322.6 0.935682
1322.7 0.935573
1322.8 0.935470
1322.9 0.935378
1323 0.935300
1323.1 0.935238
1323.2 0.935191
1323.3 0.935158
1323.4 0.935138
1323.5 0.935129
1323.6 0.935129
1323.7 0.935138
1323.8 0.935154
1323.9 0.935175
1324 0.935200
1324.1 0.935227
1324.2 0.935255
1324.3 0.935283
1324.4 0.935307
1324.5 0.935327
1324.6 0.935341
1324.7 0.935347
1324.8 0.935343
1324.9 0.935328
1325 0.935300
1325.1 0.935258
1325.2 0.935203
1325.3 0.935138
1325.4 0.935065
1325.5 0.934987
1325.6 0.934907
1325.7 0.934825
1325.8 0.934745
1325.9 0.934669
1326 0.934600
1326.1 0.934539
1326.2 0.934487
1326.3 0.934444
1326.4 0.934410
1326.5 0.934385
1326.6 0.934370
1326.7 0.934363
1326.8 0.934366
1326.9 0.934378
1327 0.934400
1327.1 0.934431
1327.2 0.934469
1327.3 0.934511
1327.4 0.934554
1327.5 0.934597
1327.6 0.934635
1327.7 0.934668
1327.8 0.934691
1327.9 0.934703
1328 0.934700
1328.1 0.934681
1328.2 0.934647
1328.3 0.934601
1328.4 0.934544
1328.5 0.934478
1328.6 0.934406
1328.7 0.934331
1328.8 0.934253
1328.9 0.934175
1329 0.934100
1329.1 0.934029
1329.2 0.933962
1329.3 0.933901
1329.4 0.933843
1329.5 0.933791
1329.6 0.933743
1329.7 0.933700
1329.8 0.933662
1329.9 0.933628
1330 0.933600
1330.1 0.933576
1330.2 0.933557
1330.3 0.933540
1330.4 0.933524
1330.5 0.933509
1330.6 0.933493
1330.7 0.933476
1330.8 0.933455
1330.9 0.933430
1331 0.933400
1331.1 0.933364
1331.2 0.933322
1331.3 0.933276
1331.4 0.933226
1331.5 0.933173
1331.6 0.933119
1331.7 0.933063
1331.8 0.933008
1331.9 0.932953
1332 0.932900
1332.1 0.932850
1332.2 0.932803
1332.3 0.932759
1332.4 0.932720
1332.5 0.932686
1332.6 0.932656
1332.7 0.932633
1332.8 0.932615
1332.9 0.932604
1333 0.932600
1333.1 0.932603
1333.2 0.932613
1333.3 0.932626
1333.4 0.932642
1333.5 0.932659
1333.6 0.932676
1333.7 0.932690
1333.8 0.932699
1333.9 0.932703
1334 0.932700
1334.1 0.932688
1334.2 0.932667
1334.3 0.932640
1334.4 0.932605
1334.5 0.932564
1334.6 0.932519
1334.7 0.932468
1334.8 0.932415
1334.9 0.932358
1335 0.932300
1335.1 0.932240
1335.2 0.932181
1335.3 0.932121
1335.4 0.932064
1335.5 0.932008
1335.6 0.931956
1335.7 0.931909
1335.8 0.931866
1335.9 0.931830
1336 0.931800
1336.1 0.931778
1336.2 0.931762
1336.3 0.931751
1336.4 0.931745
1336.5 0.931740
1336.6 0.931736
1336.7 0.931731
1336.8 0.931725
1336.9 0.931715
1337 0.931700
1337.1 0.931679
1337.2 0.931653
1337.3 0.931622
1337.4 0.931586
1337.5 0.931545
1337.6 0.931501
1337.7 0.931454
1337.8 0.931405
1337.9 0.931353
1338 0.931300
1338.1 0.931246
1338.2 0.931191
1338.3 0.931136
1338.4 0.931082
1338.5 0.931029
1338.6 0.930978
1338.7 0.930929
1338.8 0.930882
1338.9 0.930839
1339 0.930800
1339.1 0.930765
1339.2 0.930734
1339.3 0.930707
1339.4 0.930684
1339.5 0.930663
1339.6 0.930646
1339.7 0.930631
1339.8 0.930619
1339.9 0.930609
1340 0.930600
1340.1 0.930593
1340.2 0.930587
1340.3 0.930581
1340.4 0.930574
1340.5 0.930567
1340.6 0.930559
1340.7 0.930549
1340.8 0.930536
1340.9 0.930520
1341 0.930500
1341.1 0.930476
1341.2 0.930449
1341.3 0.930419
1341.4 0.930388
1341.5 0.930355
1341.6 0.930321
1341.7 0.930288
1341.8 0.930257
1341.9 0.930227
1342 0.930200
1342.1 0.930176
1342.2 0.930155
1342.3 0.930136
1342.4 0.930119
1342.5 0.930101
1342.6 0.930084
1342.7 0.930066
1342.8 0.930047
1342.9 0.930025
1343 0.930000
1343.1 0.929972
1343.2 0.929941
1343.3 0.929908
1343.4 0.929874
1343.5 0.929840
1343.6 0.929806
1343.7 0.929775
1343.8 0.929746
1343.9 0.929721
1344 0.929700
1344.1 0.929684
1344.2 0.929673
1344.3 0.929664
1344.4 0.929658
1344.5 0.929653
1344.6 0.929647
1344.7 0.929640
1344.8 0.929631
1344.9 0.929618
1345 0.929600
1345.1 0.929577
1345.2 0.929548
1345.3 0.929515
1345.4 0.929477
1345.5 0.929437
1345.6 0.929393
1345.7 0.929347
1345.8 0.929299
1345.9 0.929250
1346 0.929200
1346.1 0.929150
1346.2 0.929101
1346.3 0.929053
1346.4 0.929007
1346.5 0.928963
1346.6 0.928922
1346.7 0.928885
1346.8 0.928852
1346.9 0.928823
1347 0.928800
1347.1 0.928782
1347.2 0.928769
1347.3 0.928757
1347.4 0.928747
1347.5 0.928735
1347.6 0.928721
1347.7 0.928702
1347.8 0.928676
1347.9 0.928643
1348 0.928600
1348.1 0.928546
1348.2 0.928482
1348.3 0.928410
1348.4 0.928330
1348.5 0.928246
1348.6 0.928158
1348.7 0.928068
1348.8 0.927977
1348.9 0.927887
1349 0.927800
1349.1 0.927717
1349.2 0.927639
1349.3 0.927567
1349.4 0.927501
1349.5 0.927443
1349.6 0.927394
1349.7 0.927354
1349.8 0.927325
1349.9 0.927306
1350 0.927300
