534.3 0.000109
534.4 0.000122
534.5 0.000136
534.6 0.000150
534.7 0.000165
534.8 0.000181
534.9 0.000197
535 0.000214
535.1 0.000232
535.2 0.000250
535.3 0.000269
535.4 0.000290
535.5 0.000313
535.6 0.000337
535.7 0.000363
535.8 0.000392
535.9 0.000424
536 0.000458
536.1 0.000495
536.2 0.000536
536.3 0.000580
536.4 0.000628
536.5 0.000679
536.6 0.000734
536.7 0.000792
536.8 0.000855
536.9 0.000921
537 0.000992
537.1 0.001067
537.2 0.001147
537.3 0.001231
537.4 0.001321
537.5 0.001417
537.6 0.001519
537.7 0.001628
537.8 0.001744
537.9 0.001868
538 0.001999
538.1 0.002139
538.2 0.002287
538.3 0.002446
538.4 0.002614
538.5 0.002793
538.6 0.002984
538.7 0.003187
538.8 0.003403
538.9 0.003633
539 0.003876
539.1 0.004134
539.2 0.004408
539.3 0.004698
539.4 0.005005
539.5 0.005330
539.6 0.005673
539.7 0.006036
539.8 0.006419
539.9 0.006823
540 0.007248
540.1 0.007696
540.2 0.008167
540.3 0.008662
540.4 0.009183
540.5 0.009729
540.6 0.010302
540.7 0.010903
540.8 0.011532
540.9 0.012191
541 0.012880
541.1 0.013600
541.2 0.014352
541.3 0.015137
541.4 0.015955
541.5 0.016807
541.6 0.017695
541.7 0.018618
541.8 0.019578
541.9 0.020575
542 0.021610
542.1 0.022684
542.2 0.023798
542.3 0.024953
542.4 0.026149
542.5 0.027387
542.6 0.028668
542.7 0.029993
542.8 0.031363
542.9 0.032778
543 0.034240
543.1 0.035749
543.2 0.037305
543.3 0.038908
543.4 0.040559
543.5 0.042258
543.6 0.044006
543.7 0.045801
543.8 0.047645
543.9 0.049538
544 0.051480
544.1 0.053471
544.2 0.055511
544.3 0.057599
544.4 0.059737
544.5 0.061923
544.6 0.064158
544.7 0.066441
544.8 0.068773
544.9 0.071152
545 0.073580
545.1 0.076056
545.2 0.078580
545.3 0.081151
545.4 0.083771
545.5 0.086439
545.6 0.089155
545.7 0.091919
545.8 0.094731
545.9 0.097592
546 0.100500
546.1 0.103456
546.2 0.106460
546.3 0.109508
546.4 0.112601
546.5 0.115736
546.6 0.118912
546.7 0.122128
546.8 0.125382
546.9 0.128673
547 0.132000
547.1 0.135361
547.2 0.138758
547.3 0.142192
547.4 0.145665
547.5 0.149178
547.6 0.152733
547.7 0.156331
547.8 0.159974
547.9 0.163663
548 0.167400
548.1 0.171186
548.2 0.175022
548.3 0.178907
548.4 0.182842
548.5 0.186827
548.6 0.190861
548.7 0.194946
548.8 0.199080
548.9 0.203265
549 0.207500
549.1 0.211785
549.2 0.216117
549.3 0.220493
549.4 0.224911
549.5 0.229366
549.6 0.233856
549.7 0.238377
549.8 0.242927
549.9 0.247502
550 0.252100
550.1 0.256717
550.2 0.261355
550.3 0.266014
550.4 0.270694
550.5 0.275398
550.6 0.280126
550.7 0.284879
550.8 0.289659
550.9 0.294465
551 0.299300
551.1 0.304164
551.2 0.309057
551.3 0.313980
551.4 0.318933
551.5 0.323916
551.6 0.328931
551.7 0.333976
551.8 0.339052
551.9 0.344160
552 0.349300
552.1 0.354471
552.2 0.359670
552.3 0.364892
552.4 0.370132
552.5 0.375386
552.6 0.380649
552.7 0.385916
552.8 0.391184
552.9 0.396447
553 0.401700
553.1 0.406940
553.2 0.412165
553.3 0.417374
553.4 0.422566
553.5 0.427740
553.6 0.432895
553.7 0.438029
553.8 0.443142
553.9 0.448233
554 0.453300
554.1 0.458343
554.2 0.463359
554.3 0.468349
554.4 0.473310
554.5 0.478241
554.6 0.483140
554.7 0.488008
554.8 0.492841
554.9 0.497639
555 0.502400
555.1 0.507123
555.2 0.511804
555.3 0.516440
555.4 0.521026
555.5 0.525560
555.6 0.530037
555.7 0.534453
555.8 0.538804
555.9 0.543088
556 0.547300
556.1 0.551437
556.2 0.555499
556.3 0.559487
556.4 0.563402
556.5 0.567245
556.6 0.571016
556.7 0.574716
556.8 0.578346
556.9 0.581907
557 0.585400
557.1 0.588825
557.2 0.592185
557.3 0.595483
557.4 0.598719
557.5 0.601898
557.6 0.605020
557.7 0.608090
557.8 0.611108
557.9 0.614077
558 0.617000
558.1 0.619878
558.2 0.622713
558.3 0.625503
558.4 0.628249
558.5 0.630952
558.6 0.633610
558.7 0.636223
558.8 0.638793
558.9 0.641319
559 0.643800
559.1 0.646238
559.2 0.648634
559.3 0.650993
559.4 0.653317
559.5 0.655609
559.6 0.657872
559.7 0.660110
559.8 0.662325
559.9 0.664521
560 0.666700
560.1 0.668866
560.2 0.671020
560.3 0.673164
560.4 0.675299
560.5 0.677426
560.6 0.679548
560.7 0.681664
560.8 0.683777
560.9 0.685889
561 0.688000
561.1 0.690112
561.2 0.692225
561.3 0.694340
561.4 0.696456
561.5 0.698574
561.6 0.700694
561.7 0.702816
561.8 0.704941
561.9 0.707069
562 0.709200
562.1 0.711334
562.2 0.713473
562.3 0.715617
562.4 0.717768
562.5 0.719928
562.6 0.722098
562.7 0.724279
562.8 0.726472
562.9 0.728678
563 0.730900
563.1 0.733137
563.2 0.735390
563.3 0.737656
563.4 0.739935
563.5 0.742225
563.6 0.744525
563.7 0.746834
563.8 0.749150
563.9 0.751472
564 0.753800
564.1 0.756131
564.2 0.758465
564.3 0.760801
564.4 0.763137
564.5 0.765472
564.6 0.767805
564.7 0.770136
564.8 0.772463
564.9 0.774784
565 0.777100
565.1 0.779408
565.2 0.781708
565.3 0.783997
565.4 0.786274
565.5 0.788538
565.6 0.790786
565.7 0.793018
565.8 0.795232
565.9 0.797427
566 0.799600
566.1 0.801750
566.2 0.803876
566.3 0.805973
566.4 0.808042
566.5 0.810078
566.6 0.812080
566.7 0.814045
566.8 0.815972
566.9 0.817858
567 0.819700
567.1 0.821497
567.2 0.823249
567.3 0.824956
567.4 0.826619
567.5 0.828239
567.6 0.829815
567.7 0.831349
567.8 0.832841
567.9 0.834291
568 0.835700
568.1 0.837069
568.2 0.838396
568.3 0.839683
568.4 0.840928
568.5 0.842130
568.6 0.843291
568.7 0.844408
568.8 0.845483
568.9 0.846513
569 0.847500
569.1 0.848443
569.2 0.849341
569.3 0.850196
569.4 0.851008
569.5 0.851777
569.6 0.852505
569.7 0.853190
569.8 0.853834
569.9 0.854437
570 0.855000
570.1 0.855523
570.2 0.856008
570.3 0.856458
570.4 0.856874
570.5 0.857260
570.6 0.857616
570.7 0.857946
570.8 0.858252
570.9 0.858536
571 0.858800
571.1 0.859046
571.2 0.859276
571.3 0.859492
571.4 0.859694
571.5 0.859884
571.6 0.860063
571.7 0.860233
571.8 0.860394
571.9 0.860550
572 0.860700
572.1 0.860846
572.2 0.860991
572.3 0.861135
572.4 0.861281
572.5 0.861431
572.6 0.861586
572.7 0.861749
572.8 0.861921
572.9 0.862104
573 0.862300
573.1 0.862511
573.2 0.862736
573.3 0.862977
573.4 0.863233
573.5 0.863505
573.6 0.863792
573.7 0.864095
573.8 0.864414
573.9 0.864749
574 0.865100
574.1 0.865468
574.2 0.865853
574.3 0.866256
574.4 0.866680
574.5 0.867124
574.6 0.867591
574.7 0.868080
574.8 0.868594
574.9 0.869134
575 0.869700
575.1 0.870294
575.2 0.870915
575.3 0.871565
575.4 0.872242
575.5 0.872948
575.6 0.873682
575.7 0.874444
575.8 0.875234
575.9 0.876053
576 0.876900
576.1 0.877775
576.2 0.878677
576.3 0.879603
576.4 0.880552
576.5 0.881521
576.6 0.882508
576.7 0.883512
576.8 0.884530
576.9 0.885560
577 0.886600
577.1 0.887648
577.2 0.888704
577.3 0.889766
577.4 0.890833
577.5 0.891905
577.6 0.892981
577.7 0.894059
577.8 0.895139
577.9 0.896219
578 0.897300
578.1 0.898380
578.2 0.899458
578.3 0.900535
578.4 0.901610
578.5 0.902683
578.6 0.903753
578.7 0.904820
578.8 0.905884
578.9 0.906944
579 0.908000
579.1 0.909052
579.2 0.910096
579.3 0.911132
579.4 0.912155
579.5 0.913164
579.6 0.914156
579.7 0.915128
579.8 0.916077
579.9 0.917002
580 0.917900
580.1 0.918768
580.2 0.919606
580.3 0.920413
580.4 0.921190
580.5 0.921936
580.6 0.922652
580.7 0.923336
580.8 0.923989
580.9 0.924610
581 0.925200
581.1 0.925758
581.2 0.926285
581.3 0.926782
581.4 0.927250
581.5 0.927690
581.6 0.928103
581.7 0.928489
581.8 0.928850
581.9 0.929187
582 0.929500
582.1 0.929790
582.2 0.930058
582.3 0.930301
582.4 0.930521
582.5 0.930715
582.6 0.930885
582.7 0.931029
582.8 0.931146
582.9 0.931237
583 0.931300
583.1 0.931336
583.2 0.931344
583.3 0.931325
583.4 0.931280
583.5 0.931210
583.6 0.931116
583.7 0.930996
583.8 0.930854
583.9 0.930688
584 0.930500
584.1 0.930291
584.2 0.930063
584.3 0.929821
584.4 0.929567
584.5 0.929305
584.6 0.929039
584.7 0.928772
584.8 0.928508
584.9 0.928249
585 0.928000
585.1 0.927763
585.2 0.927538
585.3 0.927325
585.4 0.927123
585.5 0.926931
585.6 0.926748
585.7 0.926575
585.8 0.926409
585.9 0.926251
586 0.926100
586.1 0.925955
586.2 0.925817
586.3 0.925686
586.4 0.925562
586.5 0.925446
586.6 0.925338
586.7 0.925240
586.8 0.925150
586.9 0.925070
587 0.925000
587.1 0.924941
587.2 0.924894
587.3 0.924862
587.4 0.924845
587.5 0.924847
587.6 0.924870
587.7 0.924914
587.8 0.924983
587.9 0.925077
588 0.925200
588.1 0.925352
588.2 0.925532
588.3 0.925739
588.4 0.925971
588.5 0.926226
588.6 0.926504
588.7 0.926801
588.8 0.927118
588.9 0.927451
589 0.927800
589.1 0.928163
589.2 0.928539
589.3 0.928929
589.4 0.929332
589.5 0.929747
589.6 0.930174
589.7 0.930614
589.8 0.931065
589.9 0.931527
590 0.932000
590.1 0.932484
590.2 0.932978
590.3 0.933483
590.4 0.933998
590.5 0.934523
590.6 0.935058
590.7 0.935604
590.8 0.936159
590.9 0.936725
591 0.937300
591.1 0.937885
591.2 0.938477
591.3 0.939074
591.4 0.939673
591.5 0.940274
591.6 0.940872
591.7 0.941466
591.8 0.942054
591.9 0.942632
592 0.943200
592.1 0.943754
592.2 0.944295
592.3 0.944822
592.4 0.945335
592.5 0.945833
592.6 0.946317
592.7 0.946785
592.8 0.947239
592.9 0.947677
593 0.948100
593.1 0.948507
593.2 0.948897
593.3 0.949269
593.4 0.949623
593.5 0.949957
593.6 0.950271
593.7 0.950563
593.8 0.950832
593.9 0.951078
594 0.951300
594.1 0.951496
594.2 0.951667
594.3 0.951810
594.4 0.951926
594.5 0.952013
594.6 0.952072
594.7 0.952100
594.8 0.952098
594.9 0.952065
595 0.952000
595.1 0.951902
595.2 0.951773
595.3 0.951612
595.4 0.951422
595.5 0.951202
595.6 0.950954
595.7 0.950679
595.8 0.950378
595.9 0.950051
596 0.949700
596.1 0.949325
596.2 0.948927
596.3 0.948505
596.4 0.948060
596.5 0.947591
596.6 0.947100
596.7 0.946584
596.8 0.946046
596.9 0.945485
597 0.944900
597.1 0.944293
597.2 0.943664
597.3 0.943016
597.4 0.942351
597.5 0.941670
597.6 0.940976
597.7 0.940270
597.8 0.939554
597.9 0.938830
598 0.938100
598.1 0.937366
598.2 0.936628
598.3 0.935888
598.4 0.935146
598.5 0.934403
598.6 0.933659
598.7 0.932917
598.8 0.932175
598.9 0.931436
599 0.930700
599.1 0.929967
599.2 0.929239
599.3 0.928515
599.4 0.927796
599.5 0.927082
599.6 0.926373
599.7 0.925670
599.8 0.924973
599.9 0.924283
600 0.923600
600.1 0.922924
600.2 0.922257
600.3 0.921600
600.4 0.920954
600.5 0.920321
600.6 0.919702
600.7 0.919100
600.8 0.918514
600.9 0.917947
601 0.917400
601.1 0.916874
601.2 0.916370
601.3 0.915887
601.4 0.915425
601.5 0.914985
601.6 0.914565
601.7 0.914167
601.8 0.913790
601.9 0.913435
602 0.913100
602.1 0.912786
602.2 0.912495
602.3 0.912225
602.4 0.911978
602.5 0.911753
602.6 0.911553
602.7 0.911377
602.8 0.911226
602.9 0.911100
603 0.911000
603.1 0.910926
603.2 0.910879
603.3 0.910857
603.4 0.910860
603.5 0.910889
603.6 0.910943
603.7 0.911021
603.8 0.911124
603.9 0.911250
604 0.911400
604.1 0.911574
604.2 0.911770
604.3 0.911991
604.4 0.912235
604.5 0.912503
604.6 0.912794
604.7 0.913110
604.8 0.913449
604.9 0.913812
605 0.914200
605.1 0.914612
605.2 0.915046
605.3 0.915502
605.4 0.915979
605.5 0.916475
605.6 0.916989
605.7 0.917520
605.8 0.918066
605.9 0.918627
606 0.919200
606.1 0.919785
606.2 0.920382
606.3 0.920989
606.4 0.921607
606.5 0.922234
606.6 0.922871
606.7 0.923516
606.8 0.924170
606.9 0.924831
607 0.925500
607.1 0.926175
607.2 0.926857
607.3 0.927545
607.4 0.928239
607.5 0.928938
607.6 0.929642
607.7 0.930350
607.8 0.931063
607.9 0.931780
608 0.932500
608.1 0.933224
608.2 0.933950
608.3 0.934678
608.4 0.935409
608.5 0.936140
608.6 0.936872
608.7 0.937605
608.8 0.938338
608.9 0.939069
609 0.939800
609.1 0.940529
609.2 0.941256
609.3 0.941979
609.4 0.942699
609.5 0.943415
609.6 0.944125
609.7 0.944829
609.8 0.945527
609.9 0.946218
610 0.946900
610.1 0.947574
610.2 0.948239
610.3 0.948894
610.4 0.949540
610.5 0.950177
610.6 0.950803
610.7 0.951418
610.8 0.952023
610.9 0.952617
611 0.953200
611.1 0.953771
611.2 0.954330
611.3 0.954876
611.4 0.955409
611.5 0.955928
611.6 0.956433
611.7 0.956924
611.8 0.957399
611.9 0.957857
612 0.958300
612.1 0.958726
612.2 0.959136
612.3 0.959532
612.4 0.959914
612.5 0.960284
612.6 0.960644
612.7 0.960994
612.8 0.961336
612.9 0.961671
613 0.962000
613.1 0.962324
613.2 0.962644
613.3 0.962959
613.4 0.963268
613.5 0.963572
613.6 0.963870
613.7 0.964162
613.8 0.964448
613.9 0.964727
614 0.965000
614.1 0.965266
614.2 0.965523
614.3 0.965773
614.4 0.966012
614.5 0.966241
614.6 0.966459
614.7 0.966665
614.8 0.966857
614.9 0.967036
615 0.967200
615.1 0.967349
615.2 0.967483
615.3 0.967604
615.4 0.967713
615.5 0.967813
615.6 0.967903
615.7 0.967985
615.8 0.968061
615.9 0.968133
616 0.968200
616.1 0.968265
616.2 0.968328
616.3 0.968389
616.4 0.968449
616.5 0.968508
616.6 0.968566
616.7 0.968624
616.8 0.968682
616.9 0.968741
617 0.968800
617.1 0.968860
617.2 0.968919
617.3 0.968977
617.4 0.969031
617.5 0.969081
617.6 0.969123
617.7 0.969158
617.8 0.969184
617.9 0.969198
618 0.969200
618.1 0.969188
618.2 0.969164
618.3 0.969129
618.4 0.969085
618.5 0.969032
618.6 0.968973
618.7 0.968909
618.8 0.968841
618.9 0.968771
619 0.968700
619.1 0.968630
619.2 0.968560
619.3 0.968491
619.4 0.968422
619.5 0.968353
619.6 0.968284
619.7 0.968214
619.8 0.968144
619.9 0.968072
620 0.968000
620.1 0.967926
620.2 0.967851
620.3 0.967773
620.4 0.967691
620.5 0.967606
620.6 0.967517
620.7 0.967422
620.8 0.967321
620.9 0.967214
621 0.967100
621.1 0.966978
621.2 0.966848
621.3 0.966710
621.4 0.966564
621.5 0.966409
621.6 0.966246
621.7 0.966073
621.8 0.965892
621.9 0.965701
622 0.965500
622.1 0.965290
622.2 0.965071
622.3 0.964844
622.4 0.964610
622.5 0.964369
622.6 0.964123
622.7 0.963872
622.8 0.963617
622.9 0.963360
623 0.963100
623.1 0.962839
623.2 0.962577
623.3 0.962314
623.4 0.962051
623.5 0.961789
623.6 0.961528
623.7 0.961268
623.8 0.961010
623.9 0.960754
624 0.960500
624.1 0.960249
624.2 0.960001
624.3 0.959754
624.4 0.959508
624.5 0.959261
624.6 0.959014
624.7 0.958765
624.8 0.958513
624.9 0.958259
625 0.958000
625.1 0.957737
625.2 0.957469
625.3 0.957197
625.4 0.956920
625.5 0.956641
625.6 0.956358
625.7 0.956072
625.8 0.955784
625.9 0.955493
626 0.955200
626.1 0.954906
626.2 0.954611
626.3 0.954317
626.4 0.954026
626.5 0.953738
626.6 0.953455
626.7 0.953178
626.8 0.952909
626.9 0.952650
627 0.952400
627.1 0.952162
627.2 0.951934
627.3 0.951717
627.4 0.951508
627.5 0.951308
627.6 0.951115
627.7 0.950929
627.8 0.950748
627.9 0.950572
628 0.950400
628.1 0.950231
628.2 0.950067
628.3 0.949907
628.4 0.949753
628.5 0.949606
628.6 0.949466
628.7 0.949335
628.8 0.949213
628.9 0.949101
629 0.949000
629.1 0.948911
629.2 0.948834
629.3 0.948768
629.4 0.948713
629.5 0.948669
629.6 0.948635
629.7 0.948612
629.8 0.948598
629.9 0.948594
630 0.948600
630.1 0.948615
630.2 0.948638
630.3 0.948670
630.4 0.948710
630.5 0.948757
630.6 0.948812
630.7 0.948874
630.8 0.948943
630.9 0.949019
631 0.949100
631.1 0.949187
631.2 0.949282
631.3 0.949384
631.4 0.949494
631.5 0.949615
631.6 0.949746
631.7 0.949890
631.8 0.950046
631.9 0.950215
632 0.950400
632.1 0.950600
632.2 0.950815
632.3 0.951042
632.4 0.951282
632.5 0.951533
632.6 0.951792
632.7 0.952060
632.8 0.952335
632.9 0.952615
633 0.952900
633.1 0.953188
633.2 0.953478
633.3 0.953772
633.4 0.954068
633.5 0.954367
633.6 0.954668
633.7 0.954973
633.8 0.955279
633.9 0.955588
634 0.955900
634.1 0.956214
634.2 0.956531
634.3 0.956850
634.4 0.957173
634.5 0.957500
634.6 0.957831
634.7 0.958166
634.8 0.958505
634.9 0.958850
635 0.959200
635.1 0.959555
635.2 0.959915
635.3 0.960278
635.4 0.960642
635.5 0.961007
635.6 0.961372
635.7 0.961735
635.8 0.962095
635.9 0.962450
636 0.962800
636.1 0.963143
636.2 0.963479
636.3 0.963806
636.4 0.964124
636.5 0.964432
636.6 0.964730
636.7 0.965016
636.8 0.965291
636.9 0.965552
637 0.965800
637.1 0.966034
637.2 0.966255
637.3 0.966466
637.4 0.966668
637.5 0.966863
637.6 0.967053
637.7 0.967240
637.8 0.967426
637.9 0.967612
638 0.967800
638.1 0.967992
638.2 0.968187
638.3 0.968384
638.4 0.968581
638.5 0.968777
638.6 0.968971
638.7 0.969161
638.8 0.969347
638.9 0.969527
639 0.969700
639.1 0.969864
639.2 0.970020
639.3 0.970166
639.4 0.970303
639.5 0.970430
639.6 0.970546
639.7 0.970651
639.8 0.970746
639.9 0.970829
640 0.970900
640.1 0.970959
640.2 0.971007
640.3 0.971044
640.4 0.971072
640.5 0.971092
640.6 0.971105
640.7 0.971111
640.8 0.971111
640.9 0.971107
641 0.971100
641.1 0.971090
641.2 0.971077
641.3 0.971062
641.4 0.971045
641.5 0.971026
641.6 0.971005
641.7 0.970981
641.8 0.970956
641.9 0.970929
642 0.970900
642.1 0.970869
642.2 0.970837
642.3 0.970803
642.4 0.970767
642.5 0.970729
642.6 0.970688
642.7 0.970645
642.8 0.970600
642.9 0.970551
643 0.970500
643.1 0.970446
643.2 0.970389
643.3 0.970331
643.4 0.970270
643.5 0.970209
643.6 0.970147
643.7 0.970084
643.8 0.970022
643.9 0.969960
644 0.969900
644.1 0.969841
644.2 0.969784
644.3 0.969728
644.4 0.969675
644.5 0.969623
644.6 0.969574
644.7 0.969527
644.8 0.969482
644.9 0.969440
645 0.969400
645.1 0.969363
645.2 0.969330
645.3 0.969299
645.4 0.969272
645.5 0.969249
645.6 0.969230
645.7 0.969216
645.8 0.969205
645.9 0.969200
646 0.969200
646.1 0.969205
646.2 0.969216
646.3 0.969232
646.4 0.969253
646.5 0.969280
646.6 0.969313
646.7 0.969351
646.8 0.969395
646.9 0.969445
647 0.969500
647.1 0.969561
647.2 0.969627
647.3 0.969699
647.4 0.969774
647.5 0.969854
647.6 0.969938
647.7 0.970024
647.8 0.970114
647.9 0.970206
648 0.970300
648.1 0.970396
648.2 0.970492
648.3 0.970591
648.4 0.970690
648.5 0.970790
648.6 0.970891
648.7 0.970993
648.8 0.971095
648.9 0.971197
649 0.971300
649.1 0.971403
649.2 0.971506
649.3 0.971610
649.4 0.971715
649.5 0.971823
649.6 0.971932
649.7 0.972044
649.8 0.972159
649.9 0.972277
650 0.972400
650.1 0.972527
650.2 0.972657
650.3 0.972792
650.4 0.972929
650.5 0.973069
650.6 0.973212
650.7 0.973357
650.8 0.973503
650.9 0.973651
651 0.973800
651.1 0.973949
651.2 0.974097
651.3 0.974244
651.4 0.974387
651.5 0.974525
651.6 0.974657
651.7 0.974782
651.8 0.974898
651.9 0.975005
652 0.975100
652.1 0.975183
652.2 0.975255
652.3 0.975318
652.4 0.975372
652.5 0.975419
652.6 0.975460
652.7 0.975498
652.8 0.975533
652.9 0.975566
653 0.975600
653.1 0.975635
653.2 0.975671
653.3 0.975706
653.4 0.975741
653.5 0.975775
653.6 0.975807
653.7 0.975836
653.8 0.975862
653.9 0.975883
654 0.975900
654.1 0.975911
654.2 0.975915
654.3 0.975912
654.4 0.975901
654.5 0.975880
654.6 0.975849
654.7 0.975806
654.8 0.975751
654.9 0.975683
655 0.975600
655.1 0.975503
655.2 0.975392
655.3 0.975271
655.4 0.975141
655.5 0.975004
655.6 0.974864
655.7 0.974721
655.8 0.974577
655.9 0.974437
656 0.974300
656.1 0.974169
656.2 0.974043
656.3 0.973921
656.4 0.973799
656.5 0.973677
656.6 0.973553
656.7 0.973425
656.8 0.973291
656.9 0.973150
657 0.973000
657.1 0.972839
657.2 0.972669
657.3 0.972491
657.4 0.972304
657.5 0.972112
657.6 0.971915
657.7 0.971714
657.8 0.971510
657.9 0.971305
658 0.971100
658.1 0.970895
658.2 0.970692
658.3 0.970489
658.4 0.970287
658.5 0.970087
658.6 0.969887
658.7 0.969688
658.8 0.969491
658.9 0.969295
659 0.969100
659.1 0.968906
659.2 0.968714
659.3 0.968522
659.4 0.968332
659.5 0.968142
659.6 0.967953
659.7 0.967764
659.8 0.967576
659.9 0.967388
660 0.967200
660.1 0.967012
660.2 0.966825
660.3 0.966639
660.4 0.966455
660.5 0.966272
660.6 0.966091
660.7 0.965913
660.8 0.965738
660.9 0.965567
661 0.965400
661.1 0.965237
661.2 0.965078
661.3 0.964923
661.4 0.964771
661.5 0.964621
661.6 0.964474
661.7 0.964329
661.8 0.964185
661.9 0.964042
662 0.963900
662.1 0.963758
662.2 0.963618
662.3 0.963483
662.4 0.963353
662.5 0.963230
662.6 0.963117
662.7 0.963016
662.8 0.962928
662.9 0.962856
663 0.962800
663.1 0.962763
663.2 0.962743
663.3 0.962739
663.4 0.962748
663.5 0.962770
663.6 0.962802
663.7 0.962843
663.8 0.962891
663.9 0.962944
664 0.963000
664.1 0.963058
664.2 0.963118
664.3 0.963179
664.4 0.963240
664.5 0.963301
664.6 0.963363
664.7 0.963424
664.8 0.963484
664.9 0.963543
665 0.963600
665.1 0.963656
665.2 0.963711
665.3 0.963767
665.4 0.963825
665.5 0.963887
665.6 0.963954
665.7 0.964027
665.8 0.964109
665.9 0.964199
666 0.964300
666.1 0.964413
666.2 0.964535
666.3 0.964667
666.4 0.964806
666.5 0.964950
666.6 0.965099
666.7 0.965250
666.8 0.965401
666.9 0.965552
667 0.965700
667.1 0.965845
667.2 0.965987
667.3 0.966127
667.4 0.966268
667.5 0.966411
667.6 0.966557
667.7 0.966707
667.8 0.966864
667.9 0.967027
668 0.967200
668.1 0.967383
668.2 0.967574
668.3 0.967774
668.4 0.967981
668.5 0.968193
668.6 0.968410
668.7 0.968630
668.8 0.968853
668.9 0.969076
669 0.969300
669.1 0.969523
669.2 0.969744
669.3 0.969963
669.4 0.970179
669.5 0.970393
669.6 0.970603
669.7 0.970809
669.8 0.971011
669.9 0.971208
670 0.971400
670.1 0.971586
670.2 0.971767
670.3 0.971944
670.4 0.972116
670.5 0.972285
670.6 0.972451
670.7 0.972615
670.8 0.972778
670.9 0.972939
671 0.973100
671.1 0.973261
671.2 0.973421
671.3 0.973580
671.4 0.973737
671.5 0.973892
671.6 0.974043
671.7 0.974190
671.8 0.974332
671.9 0.974469
672 0.974600
672.1 0.974724
672.2 0.974842
672.3 0.974954
672.4 0.975060
672.5 0.975161
672.6 0.975257
672.7 0.975348
672.8 0.975436
672.9 0.975520
673 0.975600
673.1 0.975677
673.2 0.975752
673.3 0.975822
673.4 0.975889
673.5 0.975953
673.6 0.976011
673.7 0.976066
673.8 0.976116
673.9 0.976160
674 0.976200
674.1 0.976234
674.2 0.976263
674.3 0.976286
674.4 0.976304
674.5 0.976317
674.6 0.976324
674.7 0.976326
674.8 0.976322
674.9 0.976314
675 0.976300
675.1 0.976281
675.2 0.976257
675.3 0.976228
675.4 0.976194
675.5 0.976156
675.6 0.976113
675.7 0.976066
675.8 0.976015
675.9 0.975959
676 0.975900
676.1 0.975837
676.2 0.975771
676.3 0.975702
676.4 0.975631
676.5 0.975559
676.6 0.975486
676.7 0.975413
676.8 0.975341
676.9 0.975270
677 0.975200
677.1 0.975132
677.2 0.975066
677.3 0.974999
677.4 0.974930
677.5 0.974858
677.6 0.974781
677.7 0.974698
677.8 0.974608
677.9 0.974509
678 0.974400
678.1 0.974280
678.2 0.974149
678.3 0.974008
678.4 0.973857
678.5 0.973698
678.6 0.973531
678.7 0.973357
678.8 0.973177
678.9 0.972991
679 0.972800
679.1 0.972605
679.2 0.972405
679.3 0.972200
679.4 0.971990
679.5 0.971775
679.6 0.971553
679.7 0.971325
679.8 0.971091
679.9 0.970849
680 0.970600
680.1 0.970343
680.2 0.970077
680.3 0.969801
680.4 0.969514
680.5 0.969216
680.6 0.968903
680.7 0.968577
680.8 0.968235
680.9 0.967876
681 0.967500
681.1 0.967105
681.2 0.966691
681.3 0.966257
681.4 0.965802
681.5 0.965326
681.6 0.964827
681.7 0.964306
681.8 0.963762
681.9 0.963193
682 0.962600
682.1 0.961981
682.2 0.961337
682.3 0.960667
682.4 0.959969
682.5 0.959245
682.6 0.958493
682.7 0.957713
682.8 0.956904
682.9 0.956067
683 0.955200
683.1 0.954303
683.2 0.953374
683.3 0.952410
683.4 0.951410
683.5 0.950370
683.6 0.949289
683.7 0.948163
683.8 0.946992
683.9 0.945771
684 0.944500
684.1 0.943175
684.2 0.941797
684.3 0.940362
684.4 0.938872
684.5 0.937325
684.6 0.935719
684.7 0.934055
684.8 0.932331
684.9 0.930546
685 0.928700
685.1 0.926791
685.2 0.924820
685.3 0.922786
685.4 0.920690
685.5 0.918531
685.6 0.916309
685.7 0.914026
685.8 0.911680
685.9 0.909271
686 0.906800
686.1 0.904266
686.2 0.901668
686.3 0.899003
686.4 0.896270
686.5 0.893465
686.6 0.890587
686.7 0.887634
686.8 0.884603
686.9 0.881492
687 0.878300
687.1 0.875024
687.2 0.871661
687.3 0.868210
687.4 0.864668
687.5 0.861034
687.6 0.857306
687.7 0.853480
687.8 0.849555
687.9 0.845529
688 0.841400
688.1 0.837166
688.2 0.832830
688.3 0.828396
688.4 0.823867
688.5 0.819247
688.6 0.814539
688.7 0.809747
688.8 0.804874
688.9 0.799924
689 0.794900
689.1 0.789806
689.2 0.784641
689.3 0.779406
689.4 0.774102
689.5 0.768727
689.6 0.763282
689.7 0.757767
689.8 0.752181
689.9 0.746526
690 0.740800
690.1 0.735004
690.2 0.729141
690.3 0.723210
690.4 0.717215
690.5 0.711158
690.6 0.705040
690.7 0.698864
690.8 0.692630
690.9 0.686342
691 0.680000
691.1 0.673608
691.2 0.667170
691.3 0.660690
691.4 0.654175
691.5 0.647628
691.6 0.641055
691.7 0.634461
691.8 0.627850
691.9 0.621228
692 0.614600
692.1 0.607970
692.2 0.601338
692.3 0.594706
692.4 0.588074
692.5 0.581442
692.6 0.574811
692.7 0.568181
692.8 0.561552
692.9 0.554925
693 0.548300
693.1 0.541678
693.2 0.535060
693.3 0.528446
693.4 0.521839
693.5 0.515240
693.6 0.508649
693.7 0.502069
693.8 0.495500
693.9 0.488943
694 0.482400
694.1 0.475873
694.2 0.469364
694.3 0.462880
694.4 0.456423
694.5 0.449998
694.6 0.443609
694.7 0.437261
694.8 0.430957
694.9 0.424702
695 0.418500
695.1 0.412355
695.2 0.406267
695.3 0.400238
695.4 0.394267
695.5 0.388356
695.6 0.382504
695.7 0.376712
695.8 0.370980
695.9 0.365310
696 0.359700
696.1 0.354152
696.2 0.348665
696.3 0.343239
696.4 0.337873
696.5 0.332566
696.6 0.327318
696.7 0.322127
696.8 0.316995
696.9 0.311919
697 0.306900
697.1 0.301937
697.2 0.297030
697.3 0.292180
697.4 0.287389
697.5 0.282656
697.6 0.277983
697.7 0.273370
697.8 0.268818
697.9 0.264328
698 0.259900
698.1 0.255536
698.2 0.251234
698.3 0.246997
698.4 0.242822
698.5 0.238710
698.6 0.234662
698.7 0.230677
698.8 0.226755
698.9 0.222896
699 0.219100
699.1 0.215367
699.2 0.211695
699.3 0.208082
699.4 0.204527
699.5 0.201027
699.6 0.197582
699.7 0.194188
699.8 0.190844
699.9 0.187549
700 0.184300
700.1 0.181096
700.2 0.177937
700.3 0.174823
700.4 0.171753
700.5 0.168730
700.6 0.165752
700.7 0.162820
700.8 0.159933
700.9 0.157094
701 0.154300
701.1 0.151553
701.2 0.148853
701.3 0.146198
701.4 0.143590
701.5 0.141028
701.6 0.138512
701.7 0.136041
701.8 0.133615
701.9 0.131235
702 0.128900
702.1 0.126610
702.2 0.124363
702.3 0.122158
702.4 0.119994
702.5 0.117870
702.6 0.115785
702.7 0.113736
702.8 0.111723
702.9 0.109745
703 0.107800
703.1 0.105887
703.2 0.104006
703.3 0.102156
703.4 0.100337
703.5 0.098550
703.6 0.096793
703.7 0.095067
703.8 0.093371
703.9 0.091706
704 0.090070
704.1 0.088464
704.2 0.086887
704.3 0.085340
704.4 0.083822
704.5 0.082332
704.6 0.080870
704.7 0.079436
704.8 0.078030
704.9 0.076651
705 0.075300
705.1 0.073975
705.2 0.072676
705.3 0.071403
705.4 0.070153
705.5 0.068927
705.6 0.067722
705.7 0.066540
705.8 0.065377
705.9 0.064234
706 0.063110
706.1 0.062004
706.2 0.060915
706.3 0.059844
706.4 0.058792
706.5 0.057757
706.6 0.056741
706.7 0.055743
706.8 0.054763
706.9 0.053802
707 0.052860
707.1 0.051936
707.2 0.051031
707.3 0.050143
707.4 0.049273
707.5 0.048420
707.6 0.047583
707.7 0.046762
707.8 0.045956
707.9 0.045166
708 0.044390
708.1 0.043628
708.2 0.042880
708.3 0.042146
708.4 0.041424
708.5 0.040715
708.6 0.040019
708.7 0.039334
708.8 0.038662
708.9 0.038000
709 0.037350
709.1 0.036710
709.2 0.036082
709.3 0.035463
709.4 0.034856
709.5 0.034259
709.6 0.033672
709.7 0.033096
709.8 0.032530
709.9 0.031975
710 0.031430
710.1 0.030895
710.2 0.030371
710.3 0.029857
710.4 0.029352
710.5 0.028857
710.6 0.028371
710.7 0.027895
710.8 0.027428
710.9 0.026970
711 0.026520
711.1 0.026079
711.2 0.025646
711.3 0.025222
711.4 0.024805
711.5 0.024396
711.6 0.023994
711.7 0.023600
711.8 0.023213
711.9 0.022833
712 0.022460
712.1 0.022093
712.2 0.021733
712.3 0.021379
712.4 0.021030
712.5 0.020688
712.6 0.020352
712.7 0.020021
712.8 0.019695
712.9 0.019375
713 0.019060
713.1 0.018750
713.2 0.018445
713.3 0.018145
713.4 0.017850
713.5 0.017560
713.6 0.017275
713.7 0.016996
713.8 0.016722
713.9 0.016453
714 0.016190
714.1 0.015932
714.2 0.015679
714.3 0.015432
714.4 0.015189
714.5 0.014950
714.6 0.014716
714.7 0.014486
714.8 0.014261
714.9 0.014039
715 0.013820
715.1 0.013605
715.2 0.013393
715.3 0.013184
715.4 0.012979
715.5 0.012776
715.6 0.012577
715.7 0.012381
715.8 0.012188
715.9 0.011997
716 0.011810
716.1 0.011625
716.2 0.011444
716.3 0.011265
716.4 0.011089
716.5 0.010916
716.6 0.010747
716.7 0.010580
716.8 0.010417
716.9 0.010257
717 0.010100
717.1 0.009947
717.2 0.009796
717.3 0.009649
717.4 0.009505
717.5 0.009364
717.6 0.009226
717.7 0.009090
717.8 0.008957
717.9 0.008826
718 0.008698
718.1 0.008572
718.2 0.008448
718.3 0.008326
718.4 0.008207
718.5 0.008089
718.6 0.007973
718.7 0.007858
718.8 0.007745
718.9 0.007633
719 0.007523
719.1 0.007414
719.2 0.007306
719.3 0.007200
719.4 0.007095
719.5 0.006992
719.6 0.006890
719.7 0.006790
719.8 0.006691
719.9 0.006595
720 0.006500
720.1 0.006407
720.2 0.006316
720.3 0.006227
720.4 0.006140
720.5 0.006054
720.6 0.005970
720.7 0.005887
720.8 0.005806
720.9 0.005725
721 0.005646
721.1 0.005568
721.2 0.005491
721.3 0.005415
721.4 0.005340
721.5 0.005266
721.6 0.005193
721.7 0.005121
721.8 0.005051
721.9 0.004981
722 0.004913
722.1 0.004846
722.2 0.004780
722.3 0.004715
722.4 0.004651
722.5 0.004589
722.6 0.004527
722.7 0.004466
722.8 0.004406
722.9 0.004347
723 0.004288
723.1 0.004230
723.2 0.004173
723.3 0.004117
723.4 0.004061
723.5 0.004006
723.6 0.003951
723.7 0.003897
723.8 0.003843
723.9 0.003790
724 0.003738
724.1 0.003686
724.2 0.003635
724.3 0.003584
724.4 0.003534
724.5 0.003484
724.6 0.003436
724.7 0.003388
724.8 0.003341
724.9 0.003295
725 0.003250
725.1 0.003206
725.2 0.003163
725.3 0.003121
725.4 0.003080
725.5 0.003040
725.6 0.003001
725.7 0.002962
725.8 0.002925
725.9 0.002889
726 0.002853
726.1 0.002818
726.2 0.002784
726.3 0.002751
726.4 0.002718
726.5 0.002686
726.6 0.002655
726.7 0.002624
726.8 0.002593
726.9 0.002563
727 0.002533
727.1 0.002503
727.2 0.002474
727.3 0.002445
727.4 0.002416
727.5 0.002387
727.6 0.002358
727.7 0.002329
727.8 0.002301
727.9 0.002272
728 0.002243
728.1 0.002214
728.2 0.002185
728.3 0.002157
728.4 0.002128
728.5 0.002100
728.6 0.002072
728.7 0.002045
728.8 0.002019
728.9 0.001993
729 0.001968
729.1 0.001944
729.2 0.001921
729.3 0.001899
729.4 0.001877
729.5 0.001856
729.6 0.001836
729.7 0.001815
729.8 0.001795
729.9 0.001775
730 0.001755
730.1 0.001735
730.2 0.001714
730.3 0.001694
730.4 0.001674
730.5 0.001654
730.6 0.001634
730.7 0.001614
730.8 0.001594
730.9 0.001575
731 0.001556
731.1 0.001538
731.2 0.001520
731.3 0.001502
731.4 0.001485
731.5 0.001468
731.6 0.001451
731.7 0.001435
731.8 0.001420
731.9 0.001404
732 0.001389
732.1 0.001374
732.2 0.001360
732.3 0.001345
732.4 0.001331
732.5 0.001317
732.6 0.001304
732.7 0.001290
732.8 0.001277
732.9 0.001264
733 0.001251
733.1 0.001238
733.2 0.001226
733.3 0.001213
733.4 0.001201
733.5 0.001189
733.6 0.001177
733.7 0.001165
733.8 0.001153
733.9 0.001141
734 0.001129
734.1 0.001117
734.2 0.001105
734.3 0.001094
734.4 0.001082
734.5 0.001070
734.6 0.001057
734.7 0.001045
734.8 0.001033
734.9 0.001020
735 0.001007
