379.8 0.000102
379.9 0.000105
380 0.000107
380.1 0.000109
380.2 0.000110
380.3 0.000112
380.4 0.000114
380.5 0.000118
380.6 0.000123
380.7 0.000130
380.8 0.000140
380.9 0.000152
381 0.000168
381.1 0.000188
381.2 0.000211
381.3 0.000238
381.4 0.000269
381.5 0.000304
381.6 0.000343
381.7 0.000385
381.8 0.000431
381.9 0.000481
382 0.000534
382.1 0.000591
382.2 0.000652
382.3 0.000717
382.4 0.000787
382.5 0.000861
382.6 0.000940
382.7 0.001025
382.8 0.001114
382.9 0.001210
383 0.001312
383.1 0.001420
383.2 0.001535
383.3 0.001657
383.4 0.001787
383.5 0.001926
383.6 0.002073
383.7 0.002230
383.8 0.002397
383.9 0.002574
384 0.002762
384.1 0.002962
384.2 0.003174
384.3 0.003399
384.4 0.003638
384.5 0.003892
384.6 0.004162
384.7 0.004449
384.8 0.004753
384.9 0.005075
385 0.005417
385.1 0.005779
385.2 0.006162
385.3 0.006566
385.4 0.006993
385.5 0.007443
385.6 0.007917
385.7 0.008416
385.8 0.008941
385.9 0.009492
386 0.010070
386.1 0.010676
386.2 0.011312
386.3 0.011979
386.4 0.012677
386.5 0.013409
386.6 0.014176
386.7 0.014979
386.8 0.015820
386.9 0.016700
387 0.017620
387.1 0.018582
387.2 0.019587
387.3 0.020635
387.4 0.021729
387.5 0.022870
387.6 0.024058
387.7 0.025295
387.8 0.026582
387.9 0.027920
388 0.029310
388.1 0.030754
388.2 0.032250
388.3 0.033799
388.4 0.035400
388.5 0.037053
388.6 0.038756
388.7 0.040510
388.8 0.042314
388.9 0.044168
389 0.046070
389.1 0.048021
389.2 0.050017
389.3 0.052059
389.4 0.054142
389.5 0.056265
389.6 0.058427
389.7 0.060624
389.8 0.062855
389.9 0.065118
390 0.067410
390.1 0.069730
390.2 0.072076
390.3 0.074447
390.4 0.076840
390.5 0.079256
390.6 0.081692
390.7 0.084147
390.8 0.086619
390.9 0.089107
391 0.091610
391.1 0.094126
391.2 0.096653
391.3 0.099191
391.4 0.101737
391.5 0.104290
391.6 0.106848
391.7 0.109409
391.8 0.111973
391.9 0.114537
392 0.117100
392.1 0.119660
392.2 0.122216
392.3 0.124766
392.4 0.127308
392.5 0.129841
392.6 0.132362
392.7 0.134870
392.8 0.137364
392.9 0.139841
393 0.142300
393.1 0.144740
393.2 0.147160
393.3 0.149562
393.4 0.151945
393.5 0.154311
393.6 0.156661
393.7 0.158994
393.8 0.161311
393.9 0.163613
394 0.165900
394.1 0.168173
394.2 0.170434
394.3 0.172683
394.4 0.174922
394.5 0.177151
394.6 0.179372
394.7 0.181587
394.8 0.183795
394.9 0.185999
395 0.188200
395.1 0.190399
395.2 0.192597
395.3 0.194797
395.4 0.197000
395.5 0.199209
395.6 0.201425
395.7 0.203650
395.8 0.205887
395.9 0.208136
396 0.210400
396.1 0.212681
396.2 0.214982
396.3 0.217307
396.4 0.219657
396.5 0.222038
396.6 0.224451
396.7 0.226901
396.8 0.229390
396.9 0.231922
397 0.234500
397.1 0.237127
397.2 0.239803
397.3 0.242530
397.4 0.245309
397.5 0.248139
397.6 0.251023
397.7 0.253960
397.8 0.256951
397.9 0.259998
398 0.263100
398.1 0.266258
398.2 0.269470
398.3 0.272731
398.4 0.276040
398.5 0.279392
398.6 0.282785
398.7 0.286216
398.8 0.289681
398.9 0.293176
399 0.296700
399.1 0.300248
399.2 0.303816
399.3 0.307399
399.4 0.310993
399.5 0.314592
399.6 0.318191
399.7 0.321787
399.8 0.325373
399.9 0.328946
400 0.332500
400.1 0.336031
400.2 0.339536
400.3 0.343012
400.4 0.346456
400.5 0.349866
400.6 0.353239
400.7 0.356571
400.8 0.359861
400.9 0.363105
401 0.366300
401.1 0.369444
401.2 0.372535
401.3 0.375571
401.4 0.378550
401.5 0.381469
401.6 0.384326
401.7 0.387120
401.8 0.389848
401.9 0.392509
402 0.395100
402.1 0.397620
402.2 0.400073
402.3 0.402461
402.4 0.404789
402.5 0.407060
402.6 0.409278
402.7 0.411448
402.8 0.413572
402.9 0.415655
403 0.417700
403.1 0.419712
403.2 0.421697
403.3 0.423664
403.4 0.425618
403.5 0.427567
403.6 0.429520
403.7 0.431482
403.8 0.433461
403.9 0.435465
404 0.437500
404.1 0.439574
404.2 0.441689
404.3 0.443848
404.4 0.446054
404.5 0.448308
404.6 0.450614
404.7 0.452973
404.8 0.455389
404.9 0.457864
405 0.460400
405.1 0.462999
405.2 0.465663
405.3 0.468390
405.4 0.471182
405.5 0.474038
405.6 0.476960
405.7 0.479946
405.8 0.482999
405.9 0.486116
406 0.489300
406.1 0.492549
406.2 0.495861
406.3 0.499233
406.4 0.502660
406.5 0.506139
406.6 0.509667
406.7 0.513241
406.8 0.516857
406.9 0.520511
407 0.524200
407.1 0.527920
407.2 0.531664
407.3 0.535425
407.4 0.539196
407.5 0.542968
407.6 0.546735
407.7 0.550489
407.8 0.554223
407.9 0.557929
408 0.561600
408.1 0.565229
408.2 0.568808
408.3 0.572332
408.4 0.575795
408.5 0.579188
408.6 0.582507
408.7 0.585744
408.8 0.588892
408.9 0.591947
409 0.594900
409.1 0.597747
409.2 0.600486
409.3 0.603117
409.4 0.605640
409.5 0.608054
409.6 0.610361
409.7 0.612559
409.8 0.614648
409.9 0.616629
410 0.618500
410.1 0.620263
410.2 0.621921
410.3 0.623478
410.4 0.624939
410.5 0.626307
410.6 0.627586
410.7 0.628781
410.8 0.629896
410.9 0.630934
411 0.631900
411.1 0.632799
411.2 0.633636
411.3 0.634418
411.4 0.635152
411.5 0.635843
411.6 0.636500
411.7 0.637127
411.8 0.637732
411.9 0.638321
412 0.638900
412.1 0.639476
412.2 0.640054
412.3 0.640639
412.4 0.641234
412.5 0.641845
412.6 0.642477
412.7 0.643133
412.8 0.643820
412.9 0.644540
413 0.645300
413.1 0.646103
413.2 0.646951
413.3 0.647845
413.4 0.648786
413.5 0.649776
413.6 0.650816
413.7 0.651907
413.8 0.653051
413.9 0.654248
414 0.655500
414.1 0.656807
414.2 0.658168
414.3 0.659578
414.4 0.661036
414.5 0.662538
414.6 0.664080
414.7 0.665661
414.8 0.667276
414.9 0.668924
415 0.670600
415.1 0.672302
415.2 0.674027
415.3 0.675770
415.4 0.677529
415.5 0.679299
415.6 0.681077
415.7 0.682860
415.8 0.684644
415.9 0.686425
416 0.688200
416.1 0.689965
416.2 0.691718
416.3 0.693454
416.4 0.695172
416.5 0.696867
416.6 0.698537
416.7 0.700178
416.8 0.701788
416.9 0.703363
417 0.704900
417.1 0.706396
417.2 0.707851
417.3 0.709264
417.4 0.710633
417.5 0.711958
417.6 0.713239
417.7 0.714474
417.8 0.715663
417.9 0.716805
418 0.717900
418.1 0.718947
418.2 0.719949
418.3 0.720909
418.4 0.721829
418.5 0.722713
418.6 0.723565
418.7 0.724386
418.8 0.725180
418.9 0.725951
419 0.726700
419.1 0.727432
419.2 0.728148
419.3 0.728853
419.4 0.729549
419.5 0.730238
419.6 0.730925
419.7 0.731611
419.8 0.732301
419.9 0.732996
420 0.733700
420.1 0.734415
420.2 0.735142
420.3 0.735879
420.4 0.736627
420.5 0.737384
420.6 0.738150
420.7 0.738926
420.8 0.739710
420.9 0.740501
421 0.741300
421.1 0.742106
421.2 0.742918
421.3 0.743736
421.4 0.744560
421.5 0.745389
421.6 0.746223
421.7 0.747061
421.8 0.747904
421.9 0.748750
422 0.749600
422.1 0.750452
422.2 0.751304
422.3 0.752152
422.4 0.752993
422.5 0.753823
422.6 0.754639
422.7 0.755439
422.8 0.756217
422.9 0.756972
423 0.757700
423.1 0.758397
423.2 0.759060
423.3 0.759685
423.4 0.760268
423.5 0.760807
423.6 0.761297
423.7 0.761735
423.8 0.762117
423.9 0.762440
424 0.762700
424.1 0.762894
424.2 0.763021
424.3 0.763081
424.4 0.763074
424.5 0.762999
424.6 0.762857
424.7 0.762646
424.8 0.762366
424.9 0.762018
425 0.761600
425.1 0.761113
425.2 0.760559
425.3 0.759939
425.4 0.759255
425.5 0.758508
425.6 0.757701
425.7 0.756835
425.8 0.755911
425.9 0.754932
426 0.753900
426.1 0.752816
426.2 0.751687
426.3 0.750517
426.4 0.749313
426.5 0.748081
426.6 0.746826
426.7 0.745555
426.8 0.744273
426.9 0.742986
427 0.741700
427.1 0.740421
427.2 0.739152
427.3 0.737897
427.4 0.736660
427.5 0.735444
427.6 0.734252
427.7 0.733088
427.8 0.731956
427.9 0.730859
428 0.729800
428.1 0.728784
428.2 0.727815
428.3 0.726898
428.4 0.726040
428.5 0.725245
428.6 0.724518
428.7 0.723864
428.8 0.723290
428.9 0.722800
429 0.722400
429.1 0.722094
429.2 0.721883
429.3 0.721770
429.4 0.721756
429.5 0.721841
429.6 0.722026
429.7 0.722314
429.8 0.722704
429.9 0.723199
430 0.723800
430.1 0.724506
430.2 0.725317
430.3 0.726228
430.4 0.727238
430.5 0.728343
430.6 0.729540
430.7 0.730828
430.8 0.732202
430.9 0.733660
431 0.735200
431.1 0.736818
431.2 0.738510
431.3 0.740274
431.4 0.742105
431.5 0.744000
431.6 0.745955
431.7 0.747966
431.8 0.750030
431.9 0.752142
432 0.754300
432.1 0.756499
432.2 0.758735
432.3 0.761001
432.4 0.763294
432.5 0.765607
432.6 0.767935
432.7 0.770274
432.8 0.772618
432.9 0.774962
433 0.777300
433.1 0.779627
433.2 0.781938
433.3 0.784224
433.4 0.786480
433.5 0.788698
433.6 0.790873
433.7 0.792997
433.8 0.795064
433.9 0.797067
434 0.799000
434.1 0.800856
434.2 0.802633
434.3 0.804326
434.4 0.805933
434.5 0.807451
434.6 0.808877
434.7 0.810208
434.8 0.811441
434.9 0.812572
435 0.813600
435.1 0.814521
435.2 0.815337
435.3 0.816047
435.4 0.816655
435.5 0.817160
435.6 0.817565
435.7 0.817870
435.8 0.818076
435.9 0.818186
436 0.818200
436.1 0.818120
436.2 0.817950
436.3 0.817694
436.4 0.817358
436.5 0.816946
436.6 0.816462
436.7 0.815910
436.8 0.815297
436.9 0.814625
437 0.813900
437.1 0.813126
437.2 0.812310
437.3 0.811455
437.4 0.810569
437.5 0.809657
437.6 0.808724
437.7 0.807776
437.8 0.806819
437.9 0.805859
438 0.804900
438.1 0.803949
438.2 0.803009
438.3 0.802085
438.4 0.801181
438.5 0.800301
438.6 0.799449
438.7 0.798628
438.8 0.797844
438.9 0.797100
439 0.796400
439.1 0.795748
439.2 0.795146
439.3 0.794597
439.4 0.794102
439.5 0.793664
439.6 0.793285
439.7 0.792967
439.8 0.792712
439.9 0.792522
440 0.792400
440.1 0.792347
440.2 0.792363
440.3 0.792449
440.4 0.792605
440.5 0.792830
440.6 0.793125
440.7 0.793489
440.8 0.793923
440.9 0.794427
441 0.795000
441.1 0.795642
441.2 0.796351
441.3 0.797122
441.4 0.797953
441.5 0.798841
441.6 0.799780
441.7 0.800770
441.8 0.801805
441.9 0.802883
442 0.804000
442.1 0.805153
442.2 0.806340
442.3 0.807559
442.4 0.808807
442.5 0.810083
442.6 0.811384
442.7 0.812708
442.8 0.814054
442.9 0.815418
443 0.816800
443.1 0.818196
443.2 0.819603
443.3 0.821016
443.4 0.822430
443.5 0.823841
443.6 0.825245
443.7 0.826638
443.8 0.828014
443.9 0.829369
444 0.830700
444.1 0.832002
444.2 0.833272
444.3 0.834509
444.4 0.835711
444.5 0.836878
444.6 0.838005
444.7 0.839093
444.8 0.840140
444.9 0.841142
445 0.842100
445.1 0.843011
445.2 0.843874
445.3 0.844690
445.4 0.845456
445.5 0.846174
445.6 0.846841
445.7 0.847458
445.8 0.848024
445.9 0.848538
446 0.849000
446.1 0.849409
446.2 0.849767
446.3 0.850074
446.4 0.850332
446.5 0.850541
446.6 0.850703
446.7 0.850819
446.8 0.850889
446.9 0.850916
447 0.850900
447.1 0.850842
447.2 0.850745
447.3 0.850610
447.4 0.850440
447.5 0.850237
447.6 0.850003
447.7 0.849740
447.8 0.849451
447.9 0.849136
448 0.848800
448.1 0.848443
448.2 0.848069
448.3 0.847681
448.4 0.847281
448.5 0.846872
448.6 0.846458
448.7 0.846040
448.8 0.845623
448.9 0.845209
449 0.844800
449.1 0.844400
449.2 0.844011
449.3 0.843636
449.4 0.843277
449.5 0.842937
449.6 0.842617
449.7 0.842322
449.8 0.842052
449.9 0.841810
450 0.841600
450.1 0.841423
450.2 0.841279
450.3 0.841168
450.4 0.841089
450.5 0.841044
450.6 0.841031
450.7 0.841050
450.8 0.841102
450.9 0.841185
451 0.841300
451.1 0.841447
451.2 0.841624
451.3 0.841832
451.4 0.842071
451.5 0.842338
451.6 0.842635
451.7 0.842960
451.8 0.843313
451.9 0.843693
452 0.844100
452.1 0.844534
452.2 0.844993
452.3 0.845477
452.4 0.845985
452.5 0.846516
452.6 0.847071
452.7 0.847647
452.8 0.848244
452.9 0.848862
453 0.849500
453.1 0.850156
453.2 0.850829
453.3 0.851516
453.4 0.852215
453.5 0.852922
453.6 0.853635
453.7 0.854352
453.8 0.855070
453.9 0.855787
454 0.856500
454.1 0.857207
454.2 0.857906
454.3 0.858599
454.4 0.859283
454.5 0.859959
454.6 0.860627
454.7 0.861285
454.8 0.861934
454.9 0.862572
455 0.863200
455.1 0.863817
455.2 0.864423
455.3 0.865016
455.4 0.865597
455.5 0.866166
455.6 0.866721
455.7 0.867263
455.8 0.867790
455.9 0.868303
456 0.868800
456.1 0.869282
456.2 0.869747
456.3 0.870196
456.4 0.870627
456.5 0.871039
456.6 0.871433
456.7 0.871806
456.8 0.872159
456.9 0.872490
457 0.872800
457.1 0.873087
457.2 0.873352
457.3 0.873597
457.4 0.873821
457.5 0.874027
457.6 0.874214
457.7 0.874384
457.8 0.874538
457.9 0.874676
458 0.874800
458.1 0.874910
458.2 0.875008
458.3 0.875095
458.4 0.875172
458.5 0.875241
458.6 0.875302
458.7 0.875357
458.8 0.875408
458.9 0.875455
459 0.875500
459.1 0.875544
459.2 0.875588
459.3 0.875631
459.4 0.875676
459.5 0.875723
459.6 0.875771
459.7 0.875823
459.8 0.875878
459.9 0.875936
460 0.876000
460.1 0.876069
460.2 0.876143
460.3 0.876224
460.4 0.876311
460.5 0.876406
460.6 0.876508
460.7 0.876618
460.8 0.876736
460.9 0.876863
461 0.877000
461.1 0.877146
461.2 0.877302
461.3 0.877466
461.4 0.877638
461.5 0.877817
461.6 0.878003
461.7 0.878195
461.8 0.878392
461.9 0.878594
462 0.878800
462.1 0.879010
462.2 0.879223
462.3 0.879438
462.4 0.879657
462.5 0.879877
462.6 0.880099
462.7 0.880323
462.8 0.880548
462.9 0.880774
463 0.881000
463.1 0.881227
463.2 0.881454
463.3 0.881683
463.4 0.881915
463.5 0.882150
463.6 0.882389
463.7 0.882632
463.8 0.882882
463.9 0.883137
464 0.883400
464.1 0.883670
464.2 0.883947
464.3 0.884228
464.4 0.884512
464.5 0.884799
464.6 0.885085
464.7 0.885370
464.8 0.885652
464.9 0.885929
465 0.886200
465.1 0.886464
465.2 0.886720
465.3 0.886969
465.4 0.887210
465.5 0.887443
465.6 0.887670
465.7 0.887888
465.8 0.888099
465.9 0.888303
466 0.888500
466.1 0.888689
466.2 0.888871
466.3 0.889047
466.4 0.889215
466.5 0.889378
466.6 0.889534
466.7 0.889684
466.8 0.889828
466.9 0.889967
467 0.890100
467.1 0.890228
467.2 0.890352
467.3 0.890471
467.4 0.890585
467.5 0.890696
467.6 0.890803
467.7 0.890907
467.8 0.891007
467.9 0.891105
468 0.891200
468.1 0.891293
468.2 0.891384
468.3 0.891474
468.4 0.891563
468.5 0.891651
468.6 0.891739
468.7 0.891828
468.8 0.891917
468.9 0.892008
469 0.892100
469.1 0.892194
469.2 0.892290
469.3 0.892388
469.4 0.892487
469.5 0.892587
469.6 0.892689
469.7 0.892791
469.8 0.892894
469.9 0.892997
470 0.893100
470.1 0.893203
470.2 0.893307
470.3 0.893411
470.4 0.893517
470.5 0.893624
470.6 0.893733
470.7 0.893845
470.8 0.893960
470.9 0.894078
471 0.894200
471.1 0.894326
471.2 0.894456
471.3 0.894589
471.4 0.894726
471.5 0.894866
471.6 0.895009
471.7 0.895154
471.8 0.895301
471.9 0.895450
472 0.895600
472.1 0.895751
472.2 0.895903
472.3 0.896054
472.4 0.896203
472.5 0.896349
472.6 0.896491
472.7 0.896628
472.8 0.896759
472.9 0.896884
473 0.897000
473.1 0.897107
473.2 0.897206
473.3 0.897296
473.4 0.897378
473.5 0.897451
473.6 0.897516
473.7 0.897574
473.8 0.897623
473.9 0.897665
474 0.897700
474.1 0.897728
474.2 0.897748
474.3 0.897762
474.4 0.897770
474.5 0.897772
474.6 0.897768
474.7 0.897758
474.8 0.897744
474.9 0.897724
475 0.897700
475.1 0.897671
475.2 0.897638
475.3 0.897601
475.4 0.897558
475.5 0.897511
475.6 0.897459
475.7 0.897402
475.8 0.897340
475.9 0.897273
476 0.897200
476.1 0.897122
476.2 0.897037
476.3 0.896944
476.4 0.896843
476.5 0.896733
476.6 0.896611
476.7 0.896479
476.8 0.896333
476.9 0.896174
477 0.896000
477.1 0.895811
477.2 0.895608
477.3 0.895392
477.4 0.895167
477.5 0.894933
477.6 0.894692
477.7 0.894447
477.8 0.894199
477.9 0.893949
478 0.893700
478.1 0.893453
478.2 0.893210
478.3 0.892971
478.4 0.892738
478.5 0.892510
478.6 0.892290
478.7 0.892078
478.8 0.891875
478.9 0.891682
479 0.891500
479.1 0.891329
479.2 0.891169
479.3 0.891019
479.4 0.890875
479.5 0.890738
479.6 0.890606
479.7 0.890478
479.8 0.890352
479.9 0.890226
480 0.890100
480.1 0.889972
480.2 0.889845
480.3 0.889720
480.4 0.889600
480.5 0.889486
480.6 0.889382
480.7 0.889289
480.8 0.889209
480.9 0.889146
481 0.889100
481.1 0.889074
481.2 0.889069
481.3 0.889085
481.4 0.889122
481.5 0.889180
481.6 0.889260
481.7 0.889361
481.8 0.889485
481.9 0.889631
482 0.889800
482.1 0.889991
482.2 0.890203
482.3 0.890434
482.4 0.890682
482.5 0.890944
482.6 0.891219
482.7 0.891504
482.8 0.891797
482.9 0.892096
483 0.892400
483.1 0.892706
483.2 0.893014
483.3 0.893325
483.4 0.893639
483.5 0.893956
483.6 0.894276
483.7 0.894601
483.8 0.894929
483.9 0.895262
484 0.895600
484.1 0.895943
484.2 0.896290
484.3 0.896644
484.4 0.897003
484.5 0.897369
484.6 0.897741
484.7 0.898120
484.8 0.898506
484.9 0.898899
485 0.899300
485.1 0.899708
485.2 0.900123
485.3 0.900543
485.4 0.900967
485.5 0.901392
485.6 0.901818
485.7 0.902244
485.8 0.902667
485.9 0.903086
486 0.903500
486.1 0.903908
486.2 0.904308
486.3 0.904703
486.4 0.905092
486.5 0.905474
486.6 0.905850
486.7 0.906221
486.8 0.906586
486.9 0.906946
487 0.907300
487.1 0.907649
487.2 0.907992
487.3 0.908328
487.4 0.908656
487.5 0.908974
487.6 0.909283
487.7 0.909581
487.8 0.909867
487.9 0.910141
488 0.910400
488.1 0.910645
488.2 0.910875
488.3 0.911091
488.4 0.911292
488.5 0.911479
488.6 0.911652
488.7 0.911810
488.8 0.911954
488.9 0.912084
489 0.912200
489.1 0.912302
489.2 0.912391
489.3 0.912468
489.4 0.912532
489.5 0.912585
489.6 0.912627
489.7 0.912659
489.8 0.912681
489.9 0.912695
490 0.912700
490.1 0.912698
490.2 0.912689
490.3 0.912674
490.4 0.912655
490.5 0.912632
490.6 0.912607
490.7 0.912580
490.8 0.912552
490.9 0.912525
491 0.912500
491.1 0.912477
491.2 0.912456
491.3 0.912436
491.4 0.912418
491.5 0.912400
491.6 0.912382
491.7 0.912364
491.8 0.912344
491.9 0.912323
492 0.912300
492.1 0.912275
492.2 0.912248
492.3 0.912220
492.4 0.912193
492.5 0.912168
492.6 0.912145
492.7 0.912126
492.8 0.912111
492.9 0.912102
493 0.912100
493.1 0.912105
493.2 0.912118
493.3 0.912139
493.4 0.912167
493.5 0.912203
493.6 0.912247
493.7 0.912298
493.8 0.912358
493.9 0.912425
494 0.912500
494.1 0.912583
494.2 0.912673
494.3 0.912770
494.4 0.912874
494.5 0.912983
494.6 0.913098
494.7 0.913217
494.8 0.913341
494.9 0.913469
495 0.913600
495.1 0.913734
495.2 0.913871
495.3 0.914011
495.4 0.914155
495.5 0.914303
495.6 0.914454
495.7 0.914609
495.8 0.914768
495.9 0.914932
496 0.915100
496.1 0.915273
496.2 0.915450
496.3 0.915629
496.4 0.915811
496.5 0.915994
496.6 0.916178
496.7 0.916361
496.8 0.916543
496.9 0.916723
497 0.916900
497.1 0.917073
497.2 0.917242
497.3 0.917407
497.4 0.917566
497.5 0.917720
497.6 0.917869
497.7 0.918012
497.8 0.918148
497.9 0.918278
498 0.918400
498.1 0.918515
498.2 0.918622
498.3 0.918720
498.4 0.918808
498.5 0.918887
498.6 0.918954
498.7 0.919010
498.8 0.919053
498.9 0.919083
499 0.919100
499.1 0.919102
499.2 0.919091
499.3 0.919065
499.4 0.919025
499.5 0.918971
499.6 0.918904
499.7 0.918823
499.8 0.918728
499.9 0.918621
500 0.918500
500.1 0.918366
500.2 0.918221
500.3 0.918063
500.4 0.917895
500.5 0.917717
500.6 0.917529
500.7 0.917333
500.8 0.917129
500.9 0.916918
501 0.916700
501.1 0.916476
501.2 0.916246
501.3 0.916009
501.4 0.915764
501.5 0.915511
501.6 0.915249
501.7 0.914978
501.8 0.914696
501.9 0.914404
502 0.914100
502.1 0.913784
502.2 0.913457
502.3 0.913119
502.4 0.912771
502.5 0.912413
502.6 0.912046
502.7 0.911671
502.8 0.911288
502.9 0.910897
503 0.910500
503.1 0.910097
503.2 0.909689
503.3 0.909278
503.4 0.908864
503.5 0.908449
503.6 0.908034
503.7 0.907620
503.8 0.907209
503.9 0.906802
504 0.906400
504.1 0.906004
504.2 0.905615
504.3 0.905233
504.4 0.904858
504.5 0.904492
504.6 0.904134
504.7 0.903786
504.8 0.903447
504.9 0.903118
505 0.902800
505.1 0.902493
505.2 0.902197
505.3 0.901913
505.4 0.901642
505.5 0.901383
505.6 0.901138
505.7 0.900907
505.8 0.900689
505.9 0.900487
506 0.900300
506.1 0.900128
506.2 0.899973
506.3 0.899833
506.4 0.899709
506.5 0.899600
506.6 0.899508
506.7 0.899432
506.8 0.899372
506.9 0.899328
507 0.899300
507.1 0.899288
507.2 0.899292
507.3 0.899311
507.4 0.899344
507.5 0.899391
507.6 0.899450
507.7 0.899521
507.8 0.899604
507.9 0.899697
508 0.899800
508.1 0.899913
508.2 0.900035
508.3 0.900167
508.4 0.900309
508.5 0.900462
508.6 0.900626
508.7 0.900801
508.8 0.900989
508.9 0.901188
509 0.901400
509.1 0.901625
509.2 0.901862
509.3 0.902112
509.4 0.902374
509.5 0.902649
509.6 0.902936
509.7 0.903234
509.8 0.903545
509.9 0.903867
510 0.904200
510.1 0.904544
510.2 0.904899
510.3 0.905264
510.4 0.905636
510.5 0.906017
510.6 0.906404
510.7 0.906797
510.8 0.907194
510.9 0.907596
511 0.908000
511.1 0.908406
511.2 0.908813
511.3 0.909219
511.4 0.909622
511.5 0.910021
511.6 0.910414
511.7 0.910800
511.8 0.911178
511.9 0.911545
512 0.911900
512.1 0.912242
512.2 0.912572
512.3 0.912891
512.4 0.913200
512.5 0.913500
512.6 0.913791
512.7 0.914076
512.8 0.914355
512.9 0.914629
513 0.914900
513.1 0.915168
513.2 0.915432
513.3 0.915692
513.4 0.915946
513.5 0.916193
513.6 0.916434
513.7 0.916665
513.8 0.916888
513.9 0.917100
514 0.917300
514.1 0.917488
514.2 0.917664
514.3 0.917827
514.4 0.917977
514.5 0.918114
514.6 0.918238
514.7 0.918349
514.8 0.918446
514.9 0.918530
515 0.918600
515.1 0.918656
515.2 0.918699
515.3 0.918729
515.4 0.918745
515.5 0.918750
515.6 0.918742
515.7 0.918723
515.8 0.918693
515.9 0.918652
516 0.918600
516.1 0.918538
516.2 0.918467
516.3 0.918386
516.4 0.918297
516.5 0.918199
516.6 0.918094
516.7 0.917980
516.8 0.917860
516.9 0.917733
517 0.917600
517.1 0.917461
517.2 0.917317
517.3 0.917167
517.4 0.917013
517.5 0.916854
517.6 0.916690
517.7 0.916523
517.8 0.916352
517.9 0.916178
518 0.916000
518.1 0.915820
518.2 0.915636
518.3 0.915451
518.4 0.915263
518.5 0.915073
518.6 0.914882
518.7 0.914688
518.8 0.914493
518.9 0.914297
519 0.914100
519.1 0.913902
519.2 0.913704
519.3 0.913506
519.4 0.913310
519.5 0.913115
519.6 0.912924
519.7 0.912736
519.8 0.912552
519.9 0.912373
520 0.912200
520.1 0.912033
520.2 0.911872
520.3 0.911716
520.4 0.911564
520.5 0.911416
520.6 0.911270
520.7 0.911126
520.8 0.910984
520.9 0.910842
521 0.910700
521.1 0.910557
521.2 0.910414
521.3 0.910270
521.4 0.910127
521.5 0.909985
521.6 0.909844
521.7 0.909704
521.8 0.909567
521.9 0.909432
522 0.909300
522.1 0.909172
522.2 0.909047
522.3 0.908925
522.4 0.908808
522.5 0.908695
522.6 0.908587
522.7 0.908483
522.8 0.908383
522.9 0.908289
523 0.908200
523.1 0.908116
523.2 0.908037
523.3 0.907962
523.4 0.907890
523.5 0.907822
523.6 0.907755
523.7 0.907691
523.8 0.907627
523.9 0.907564
524 0.907500
524.1 0.907436
524.2 0.907371
524.3 0.907307
524.4 0.907243
524.5 0.907180
524.6 0.907119
524.7 0.907060
524.8 0.907003
524.9 0.906950
525 0.906900
525.1 0.906854
525.2 0.906811
525.3 0.906771
525.4 0.906733
525.5 0.906695
525.6 0.906659
525.7 0.906621
525.8 0.906583
525.9 0.906543
526 0.906500
526.1 0.906454
526.2 0.906404
526.3 0.906350
526.4 0.906291
526.5 0.906226
526.6 0.906155
526.7 0.906078
526.8 0.905993
526.9 0.905901
527 0.905800
527.1 0.905691
527.2 0.905573
527.3 0.905448
527.4 0.905316
527.5 0.905177
527.6 0.905031
527.7 0.904881
527.8 0.904725
527.9 0.904564
528 0.904400
528.1 0.904232
528.2 0.904062
528.3 0.903890
528.4 0.903717
528.5 0.903543
528.6 0.903370
528.7 0.903199
528.8 0.903029
528.9 0.902863
529 0.902700
529.1 0.902541
529.2 0.902385
529.3 0.902230
529.4 0.902073
529.5 0.901914
529.6 0.901749
529.7 0.901577
529.8 0.901396
529.9 0.901204
530 0.901000
530.1 0.900781
530.2 0.900550
530.3 0.900306
530.4 0.900052
530.5 0.899790
530.6 0.899520
530.7 0.899245
530.8 0.898966
530.9 0.898683
531 0.898400
531.1 0.898117
531.2 0.897834
531.3 0.897551
531.4 0.897270
531.5 0.896989
531.6 0.896709
531.7 0.896430
531.8 0.896152
531.9 0.895875
532 0.895600
532.1 0.895326
532.2 0.895054
532.3 0.894782
532.4 0.894512
532.5 0.894242
532.6 0.893973
532.7 0.893705
532.8 0.893437
532.9 0.893168
533 0.892900
533.1 0.892631
533.2 0.892361
533.3 0.892088
533.4 0.891811
533.5 0.891529
533.6 0.891241
533.7 0.890945
533.8 0.890640
533.9 0.890326
534 0.890000
534.1 0.889662
534.2 0.889314
534.3 0.888956
534.4 0.888589
534.5 0.888216
534.6 0.887838
534.7 0.887456
534.8 0.887071
534.9 0.886685
535 0.886300
535.1 0.885916
535.2 0.885533
535.3 0.885150
535.4 0.884766
535.5 0.884381
535.6 0.883993
535.7 0.883602
535.8 0.883206
535.9 0.882806
536 0.882400
536.1 0.881987
536.2 0.881567
536.3 0.881140
536.4 0.880704
536.5 0.880260
536.6 0.879808
536.7 0.879346
536.8 0.878874
536.9 0.878392
537 0.877900
537.1 0.877397
537.2 0.876882
537.3 0.876355
537.4 0.875817
537.5 0.875265
537.6 0.874700
537.7 0.874122
537.8 0.873529
537.9 0.872922
538 0.872300
538.1 0.871663
538.2 0.871009
538.3 0.870338
538.4 0.869650
538.5 0.868942
538.6 0.868216
538.7 0.867469
538.8 0.866702
538.9 0.865912
539 0.865100
539.1 0.864265
539.2 0.863405
539.3 0.862522
539.4 0.861613
539.5 0.860678
539.6 0.859717
539.7 0.858730
539.8 0.857715
539.9 0.856672
540 0.855600
540.1 0.854499
540.2 0.853364
540.3 0.852192
540.4 0.850979
540.5 0.849720
540.6 0.848412
540.7 0.847050
540.8 0.845630
540.9 0.844148
541 0.842600
541.1 0.840982
541.2 0.839293
541.3 0.837531
541.4 0.835693
541.5 0.833779
541.6 0.831786
541.7 0.829714
541.8 0.827560
541.9 0.825322
542 0.823000
542.1 0.820591
542.2 0.818095
542.3 0.815509
542.4 0.812833
542.5 0.810065
542.6 0.807204
542.7 0.804248
542.8 0.801196
542.9 0.798047
543 0.794800
543.1 0.791453
543.2 0.788003
543.3 0.784448
543.4 0.780785
543.5 0.777012
543.6 0.773126
543.7 0.769124
543.8 0.765005
543.9 0.760764
544 0.756400
544.1 0.751910
544.2 0.747294
544.3 0.742550
544.4 0.737677
544.5 0.732675
544.6 0.727544
544.7 0.722281
544.8 0.716887
544.9 0.711360
545 0.705700
545.1 0.699907
545.2 0.693984
545.3 0.687937
545.4 0.681769
545.5 0.675486
545.6 0.669092
545.7 0.662592
545.8 0.655990
545.9 0.649291
546 0.642500
546.1 0.635621
546.2 0.628659
546.3 0.621620
546.4 0.614509
546.5 0.607329
546.6 0.600088
546.7 0.592789
546.8 0.585438
546.9 0.578040
547 0.570600
547.1 0.563123
547.2 0.555611
547.3 0.548070
547.4 0.540501
547.5 0.532908
547.6 0.525295
547.7 0.517664
547.8 0.510019
547.9 0.502363
548 0.494700
548.1 0.487033
548.2 0.479367
548.3 0.471709
548.4 0.464063
548.5 0.456438
548.6 0.448837
548.7 0.441266
548.8 0.433733
548.9 0.426242
549 0.418800
549.1 0.411412
549.2 0.404082
549.3 0.396816
549.4 0.389618
549.5 0.382492
549.6 0.375442
549.7 0.368474
549.8 0.361591
549.9 0.354798
550 0.348100
550.1 0.341500
550.2 0.334999
550.3 0.328596
550.4 0.322291
550.5 0.316083
550.6 0.309973
550.7 0.303960
550.8 0.298044
550.9 0.292224
551 0.286500
551.1 0.280872
551.2 0.275339
551.3 0.269902
551.4 0.264560
551.5 0.259313
551.6 0.254161
551.7 0.249104
551.8 0.244142
551.9 0.239274
552 0.234500
552.1 0.229820
552.2 0.225233
552.3 0.220738
552.4 0.216332
552.5 0.212014
552.6 0.207783
552.7 0.203638
552.8 0.199577
552.9 0.195598
553 0.191700
553.1 0.187882
553.2 0.184142
553.3 0.180479
553.4 0.176892
553.5 0.173380
553.6 0.169942
553.7 0.166576
553.8 0.163281
553.9 0.160056
554 0.156900
554.1 0.153811
554.2 0.150789
554.3 0.147831
554.4 0.144935
554.5 0.142102
554.6 0.139328
554.7 0.136612
554.8 0.133953
554.9 0.131350
555 0.128800
555.1 0.126303
555.2 0.123857
555.3 0.121463
555.4 0.119119
555.5 0.116826
555.6 0.114583
555.7 0.112389
555.8 0.110244
555.9 0.108148
556 0.106100
556.1 0.104099
556.2 0.102145
556.3 0.100234
556.4 0.098366
556.5 0.096538
556.6 0.094748
556.7 0.092996
556.8 0.091278
556.9 0.089593
557 0.087940
557.1 0.086316
557.2 0.084722
557.3 0.083156
557.4 0.081619
557.5 0.080110
557.6 0.078628
557.7 0.077174
557.8 0.075746
557.9 0.074345
558 0.072970
558.1 0.071621
558.2 0.070297
558.3 0.068998
558.4 0.067724
558.5 0.066474
558.6 0.065249
558.7 0.064047
558.8 0.062868
558.9 0.061713
559 0.060580
559.1 0.059470
559.2 0.058381
559.3 0.057314
559.4 0.056267
559.5 0.055239
559.6 0.054232
559.7 0.053242
559.8 0.052271
559.9 0.051317
560 0.050380
560.1 0.049459
560.2 0.048554
560.3 0.047663
560.4 0.046788
560.5 0.045927
560.6 0.045079
560.7 0.044246
560.8 0.043425
560.9 0.042616
561 0.041820
561.1 0.041035
561.2 0.040263
561.3 0.039502
561.4 0.038753
561.5 0.038016
561.6 0.037292
561.7 0.036580
561.8 0.035880
561.9 0.035194
562 0.034520
562.1 0.033859
562.2 0.033211
562.3 0.032575
562.4 0.031951
562.5 0.031339
562.6 0.030738
562.7 0.030148
562.8 0.029569
562.9 0.028999
563 0.028440
563.1 0.027890
563.2 0.027350
563.3 0.026818
563.4 0.026295
563.5 0.025781
563.6 0.025275
563.7 0.024777
563.8 0.024287
563.9 0.023805
564 0.023330
564.1 0.022862
564.2 0.022402
564.3 0.021948
564.4 0.021503
564.5 0.021065
564.6 0.020636
564.7 0.020214
564.8 0.019801
564.9 0.019396
565 0.019000
565.1 0.018613
565.2 0.018234
565.3 0.017864
565.4 0.017502
565.5 0.017148
565.6 0.016802
565.7 0.016463
565.8 0.016132
565.9 0.015807
566 0.015490
566.1 0.015179
566.2 0.014875
566.3 0.014577
566.4 0.014286
566.5 0.014000
566.6 0.013721
566.7 0.013447
566.8 0.013179
566.9 0.012917
567 0.012660
567.1 0.012408
567.2 0.012162
567.3 0.011920
567.4 0.011684
567.5 0.011452
567.6 0.011225
567.7 0.011002
567.8 0.010784
567.9 0.010570
568 0.010360
568.1 0.010154
568.2 0.009952
568.3 0.009754
568.4 0.009560
568.5 0.009370
568.6 0.009183
568.7 0.008999
568.8 0.008819
568.9 0.008643
569 0.008469
569.1 0.008299
569.2 0.008131
569.3 0.007968
569.4 0.007807
569.5 0.007651
569.6 0.007498
569.7 0.007349
569.8 0.007204
569.9 0.007063
570 0.006927
570.1 0.006795
570.2 0.006667
570.3 0.006543
570.4 0.006423
570.5 0.006306
570.6 0.006193
570.7 0.006083
570.8 0.005975
570.9 0.005870
571 0.005768
571.1 0.005668
571.2 0.005570
571.3 0.005473
571.4 0.005379
571.5 0.005286
571.6 0.005194
571.7 0.005103
571.8 0.005014
571.9 0.004925
572 0.004837
572.1 0.004750
572.2 0.004663
572.3 0.004577
572.4 0.004493
572.5 0.004410
572.6 0.004329
572.7 0.004250
572.8 0.004173
572.9 0.004099
573 0.004028
573.1 0.003960
573.2 0.003895
573.3 0.003832
573.4 0.003772
573.5 0.003714
573.6 0.003658
573.7 0.003603
573.8 0.003550
573.9 0.003499
574 0.003448
574.1 0.003398
574.2 0.003349
574.3 0.003300
574.4 0.003252
574.5 0.003205
574.6 0.003158
574.7 0.003112
574.8 0.003066
574.9 0.003020
575 0.002975
575.1 0.002930
575.2 0.002885
575.3 0.002841
575.4 0.002797
575.5 0.002754
575.6 0.002711
575.7 0.002669
575.8 0.002628
575.9 0.002588
576 0.002548
576.1 0.002509
576.2 0.002472
576.3 0.002435
576.4 0.002399
576.5 0.002363
576.6 0.002329
576.7 0.002295
576.8 0.002262
576.9 0.002229
577 0.002197
577.1 0.002166
577.2 0.002135
577.3 0.002105
577.4 0.002076
577.5 0.002047
577.6 0.002020
577.7 0.001994
577.8 0.001969
577.9 0.001945
578 0.001923
578.1 0.001902
578.2 0.001882
578.3 0.001864
578.4 0.001847
578.5 0.001830
578.6 0.001814
578.7 0.001799
578.8 0.001784
578.9 0.001769
579 0.001755
579.1 0.001741
579.2 0.001726
579.3 0.001711
579.4 0.001696
579.5 0.001681
579.6 0.001666
579.7 0.001651
579.8 0.001635
579.9 0.001619
580 0.001602
580.1 0.001585
580.2 0.001568
580.3 0.001550
580.4 0.001532
580.5 0.001515
580.6 0.001498
580.7 0.001481
580.8 0.001465
580.9 0.001449
581 0.001434
581.1 0.001420
581.2 0.001407
581.3 0.001394
581.4 0.001382
581.5 0.001370
581.6 0.001359
581.7 0.001347
581.8 0.001336
581.9 0.001324
582 0.001312
582.1 0.001299
582.2 0.001287
582.3 0.001273
582.4 0.001260
582.5 0.001246
582.6 0.001232
582.7 0.001218
582.8 0.001203
582.9 0.001189
583 0.001175
583.1 0.001161
583.2 0.001147
583.3 0.001134
583.4 0.001120
583.5 0.001108
583.6 0.001095
583.7 0.001084
583.8 0.001073
583.9 0.001062
584 0.001053
584.1 0.001044
584.2 0.001036
584.3 0.001029
584.4 0.001023
584.5 0.001017
584.6 0.001011
584.7 0.001006
584.8 0.001001
584.9 0.000997
585 0.000992
585.1 0.000987
585.2 0.000983
585.3 0.000978
585.4 0.000974
585.5 0.000969
585.6 0.000965
585.7 0.000960
585.8 0.000956
585.9 0.000951
586 0.000946
586.1 0.000941
586.2 0.000936
586.3 0.000930
586.4 0.000924
586.5 0.000917
586.6 0.000910
586.7 0.000902
586.8 0.000892
586.9 0.000882
587 0.000870
587.1 0.000857
587.2 0.000843
587.3 0.000827
587.4 0.000812
587.5 0.000795
587.6 0.000779
587.7 0.000763
587.8 0.000747
587.9 0.000732
588 0.000717
588.1 0.000704
588.2 0.000691
588.3 0.000680
588.4 0.000669
588.5 0.000660
588.6 0.000651
588.7 0.000644
588.8 0.000637
588.9 0.000631
589 0.000626
589.1 0.000622
589.2 0.000618
589.3 0.000614
589.4 0.000611
589.5 0.000607
589.6 0.000603
589.7 0.000599
589.8 0.000594
589.9 0.000587
590 0.000580
590.1 0.000571
590.2 0.000561
590.3 0.000550
590.4 0.000539
590.5 0.000527
590.6 0.000515
590.7 0.000504
590.8 0.000493
590.9 0.000482
591 0.000473
591.1 0.000465
591.2 0.000458
591.3 0.000453
591.4 0.000448
591.5 0.000444
591.6 0.000440
591.7 0.000437
591.8 0.000433
591.9 0.000430
592 0.000427
592.1 0.000423
592.2 0.000419
592.3 0.000415
592.4 0.000411
592.5 0.000406
592.6 0.000401
592.7 0.000396
592.8 0.000391
592.9 0.000386
593 0.000381
593.1 0.000376
593.2 0.000371
593.3 0.000365
593.4 0.000360
593.5 0.000356
593.6 0.000351
593.7 0.000347
593.8 0.000343
593.9 0.000339
594 0.000336
594.1 0.000333
594.2 0.000331
594.3 0.000329
594.4 0.000327
594.5 0.000325
594.6 0.000322
594.7 0.000319
594.8 0.000315
594.9 0.000311
595 0.000305
595.1 0.000298
595.2 0.000291
595.3 0.000283
595.4 0.000274
595.5 0.000265
595.6 0.000257
595.7 0.000249
595.8 0.000241
595.9 0.000234
596 0.000229
596.1 0.000225
596.2 0.000222
596.3 0.000220
596.4 0.000220
596.5 0.000220
596.6 0.000221
596.7 0.000222
596.8 0.000224
596.9 0.000226
597 0.000229
597.1 0.000232
597.2 0.000234
597.3 0.000236
597.4 0.000238
597.5 0.000239
597.6 0.000239
597.7 0.000239
597.8 0.000237
597.9 0.000234
598 0.000229
598.1 0.000223
598.2 0.000215
598.3 0.000206
598.4 0.000197
598.5 0.000187
598.6 0.000176
598.7 0.000166
598.8 0.000155
598.9 0.000146
599 0.000137
599.1 0.000129
599.2 0.000122
599.3 0.000117
599.4 0.000112
599.5 0.000109
599.6 0.000106
599.7 0.000105
599.8 0.000105
599.9 0.000105
600 0.000107
600.1 0.000110
600.2 0.000113
600.3 0.000118
600.4 0.000122
600.5 0.000127
600.6 0.000133
600.7 0.000138
600.8 0.000143
600.9 0.000148
601 0.000153
601.1 0.000157
601.2 0.000160
601.3 0.000163
601.4 0.000164
601.5 0.000165
601.6 0.000165
601.7 0.000164
601.8 0.000161
601.9 0.000158
602 0.000153
602.1 0.000147
602.2 0.000140
602.3 0.000132
602.4 0.000123
602.5 0.000115
602.6 0.000106
