301.3 0.00101
301.4 0.00110
301.5 0.00119
301.6 0.00129
301.7 0.00140
301.8 0.00152
301.9 0.00166
302 0.00180
302.1 0.00195
302.2 0.00212
302.3 0.00230
302.4 0.00248
302.5 0.00268
302.6 0.00288
302.7 0.00310
302.8 0.00332
302.9 0.00356
303 0.00380
303.1 0.00405
303.2 0.00431
303.3 0.00458
303.4 0.00487
303.5 0.00516
303.6 0.00547
303.7 0.00580
303.8 0.00615
303.9 0.00651
304 0.00690
304.1 0.00731
304.2 0.00774
304.3 0.00819
304.4 0.00867
304.5 0.00916
304.6 0.00968
304.7 0.01023
304.8 0.01079
304.9 0.01139
305 0.01200
305.1 0.01264
305.2 0.01330
305.3 0.01399
305.4 0.01471
305.5 0.01545
305.6 0.01622
305.7 0.01702
305.8 0.01785
305.9 0.01871
306 0.01960
306.1 0.02052
306.2 0.02148
306.3 0.02247
306.4 0.02349
306.5 0.02456
306.6 0.02566
306.7 0.02681
306.8 0.02799
306.9 0.02922
307 0.03050
307.1 0.03182
307.2 0.03320
307.3 0.03461
307.4 0.03608
307.5 0.03760
307.6 0.03916
307.7 0.04077
307.8 0.04243
307.9 0.04414
308 0.04590
308.1 0.04771
308.2 0.04956
308.3 0.05147
308.4 0.05341
308.5 0.05540
308.6 0.05742
308.7 0.05949
308.8 0.06159
308.9 0.06373
309 0.06590
309.1 0.06810
309.2 0.07033
309.3 0.07259
309.4 0.07488
309.5 0.07720
309.6 0.07955
309.7 0.08192
309.8 0.08432
309.9 0.08675
310 0.08920
310.1 0.09168
310.2 0.09418
310.3 0.09670
310.4 0.09925
310.5 0.10181
310.6 0.10440
310.7 0.10700
310.8 0.10962
310.9 0.11225
311 0.11490
311.1 0.11756
311.2 0.12024
311.3 0.12292
311.4 0.12562
311.5 0.12834
311.6 0.13106
311.7 0.13380
311.8 0.13656
311.9 0.13932
312 0.14210
312.1 0.14489
312.2 0.14770
312.3 0.15052
312.4 0.15336
312.5 0.15621
312.6 0.15907
312.7 0.16195
312.8 0.16485
312.9 0.16777
313 0.17070
313.1 0.17365
313.2 0.17662
313.3 0.17960
313.4 0.18261
313.5 0.18563
313.6 0.18867
313.7 0.19172
313.8 0.19480
313.9 0.19789
314 0.20100
314.1 0.20413
314.2 0.20728
314.3 0.21045
314.4 0.21364
314.5 0.21686
314.6 0.22011
314.7 0.22338
314.8 0.22669
314.9 0.23003
315 0.23340
315.1 0.23681
315.2 0.24025
315.3 0.24373
315.4 0.24724
315.5 0.25079
315.6 0.25437
315.7 0.25798
315.8 0.26162
315.9 0.26530
316 0.26900
316.1 0.27273
316.2 0.27649
316.3 0.28027
316.4 0.28405
316.5 0.28785
316.6 0.29166
316.7 0.29546
316.8 0.29925
316.9 0.30303
317 0.30680
317.1 0.31054
317.2 0.31426
317.3 0.31793
317.4 0.32157
317.5 0.32515
317.6 0.32867
317.7 0.33212
317.8 0.33550
317.9 0.33879
318 0.34200
318.1 0.34511
318.2 0.34812
318.3 0.35104
318.4 0.35385
318.5 0.35657
318.6 0.35919
318.7 0.36172
318.8 0.36414
318.9 0.36647
319 0.36870
319.1 0.37083
319.2 0.37288
319.3 0.37484
319.4 0.37673
319.5 0.37855
319.6 0.38032
319.7 0.38204
319.8 0.38372
319.9 0.38537
320 0.38700
320.1 0.38861
320.2 0.39022
320.3 0.39183
320.4 0.39346
320.5 0.39511
320.6 0.39679
320.7 0.39851
320.8 0.40027
320.9 0.40210
321 0.40400
321.1 0.40597
321.2 0.40802
321.3 0.41015
321.4 0.41236
321.5 0.41466
321.6 0.41703
321.7 0.41949
321.8 0.42204
321.9 0.42468
322 0.42740
322.1 0.43021
322.2 0.43311
322.3 0.43608
322.4 0.43912
322.5 0.44223
322.6 0.44539
322.7 0.44861
322.8 0.45187
322.9 0.45517
323 0.45850
323.1 0.46186
323.2 0.46523
323.3 0.46861
323.4 0.47200
323.5 0.47537
323.6 0.47873
323.7 0.48206
323.8 0.48535
323.9 0.48860
324 0.49180
324.1 0.49494
324.2 0.49801
324.3 0.50101
324.4 0.50393
324.5 0.50677
324.6 0.50951
324.7 0.51217
324.8 0.51472
324.9 0.51717
325 0.51950
325.1 0.52172
325.2 0.52382
325.3 0.52582
325.4 0.52770
325.5 0.52948
325.6 0.53116
325.7 0.53273
325.8 0.53422
325.9 0.53560
326 0.53690
326.1 0.53811
326.2 0.53924
326.3 0.54031
326.4 0.54132
326.5 0.54229
326.6 0.54321
326.7 0.54412
326.8 0.54501
326.9 0.54590
327 0.54680
327.1 0.54771
327.2 0.54865
327.3 0.54962
327.4 0.55063
327.5 0.55169
327.6 0.55280
327.7 0.55397
327.8 0.55520
327.9 0.55651
328 0.55790
328.1 0.55937
328.2 0.56094
328.3 0.56258
328.4 0.56431
328.5 0.56613
328.6 0.56802
328.7 0.57000
328.8 0.57205
328.9 0.57419
329 0.57640
329.1 0.57869
329.2 0.58105
329.3 0.58348
329.4 0.58597
329.5 0.58853
329.6 0.59114
329.7 0.59381
329.8 0.59653
329.9 0.59929
330 0.60210
330.1 0.60495
330.2 0.60782
330.3 0.61072
330.4 0.61363
330.5 0.61654
330.6 0.61944
330.7 0.62233
330.8 0.62519
330.9 0.62802
331 0.63080
331.1 0.63353
331.2 0.63620
331.3 0.63881
331.4 0.64136
331.5 0.64383
331.6 0.64623
331.7 0.64855
331.8 0.65079
331.9 0.65294
332 0.65500
332.1 0.65696
332.2 0.65883
332.3 0.66061
332.4 0.66231
332.5 0.66391
332.6 0.66544
332.7 0.66689
332.8 0.66827
332.9 0.66957
333 0.67080
333.1 0.67197
333.2 0.67307
333.3 0.67412
333.4 0.67511
333.5 0.67606
333.6 0.67696
333.7 0.67782
333.8 0.67864
333.9 0.67944
334 0.68020
334.1 0.68094
334.2 0.68166
334.3 0.68237
334.4 0.68306
334.5 0.68373
334.6 0.68440
334.7 0.68505
334.8 0.68570
334.9 0.68635
335 0.68700
335.1 0.68765
335.2 0.68830
335.3 0.68895
335.4 0.68960
335.5 0.69024
335.6 0.69089
335.7 0.69152
335.8 0.69216
335.9 0.69278
336 0.69340
336.1 0.69401
336.2 0.69461
336.3 0.69520
336.4 0.69578
336.5 0.69635
336.6 0.69691
336.7 0.69745
336.8 0.69798
336.9 0.69850
337 0.69900
337.1 0.69949
337.2 0.69996
337.3 0.70043
337.4 0.70088
337.5 0.70134
337.6 0.70179
337.7 0.70223
337.8 0.70268
337.9 0.70314
338 0.70360
338.1 0.70407
338.2 0.70455
338.3 0.70505
338.4 0.70557
338.5 0.70611
338.6 0.70667
338.7 0.70726
338.8 0.70787
338.9 0.70852
339 0.70920
339.1 0.70992
339.2 0.71068
339.3 0.71147
339.4 0.71230
339.5 0.71317
339.6 0.71408
339.7 0.71503
339.8 0.71601
339.9 0.71704
340 0.71810
340.1 0.71920
340.2 0.72034
340.3 0.72152
340.4 0.72273
340.5 0.72398
340.6 0.72526
340.7 0.72657
340.8 0.72792
340.9 0.72930
341 0.73070
341.1 0.73213
341.2 0.73359
341.3 0.73506
341.4 0.73654
341.5 0.73802
341.6 0.73951
341.7 0.74098
341.8 0.74244
341.9 0.74388
342 0.74530
342.1 0.74668
342.2 0.74803
342.3 0.74933
342.4 0.75057
342.5 0.75175
342.6 0.75287
342.7 0.75391
342.8 0.75486
342.9 0.75573
343 0.75650
343.1 0.75717
343.2 0.75772
343.3 0.75817
343.4 0.75851
343.5 0.75874
343.6 0.75885
343.7 0.75884
343.8 0.75871
343.9 0.75847
344 0.75810
344.1 0.75761
344.2 0.75699
344.3 0.75626
344.4 0.75542
344.5 0.75448
344.6 0.75343
344.7 0.75228
344.8 0.75104
344.9 0.74971
345 0.74830
345.1 0.74681
345.2 0.74525
345.3 0.74363
345.4 0.74196
345.5 0.74024
345.6 0.73850
345.7 0.73673
345.8 0.73496
345.9 0.73317
346 0.73140
346.1 0.72964
346.2 0.72791
346.3 0.72621
346.4 0.72456
346.5 0.72295
346.6 0.72141
346.7 0.71993
346.8 0.71853
346.9 0.71722
347 0.71600
347.1 0.71488
347.2 0.71387
347.3 0.71298
347.4 0.71219
347.5 0.71153
347.6 0.71098
347.7 0.71056
347.8 0.71027
347.9 0.71012
348 0.71010
348.1 0.71022
348.2 0.71048
348.3 0.71088
348.4 0.71141
348.5 0.71208
348.6 0.71288
348.7 0.71382
348.8 0.71488
348.9 0.71608
349 0.71740
349.1 0.71885
349.2 0.72042
349.3 0.72210
349.4 0.72388
349.5 0.72575
349.6 0.72772
349.7 0.72976
349.8 0.73188
349.9 0.73406
350 0.73630
350.1 0.73859
350.2 0.74091
350.3 0.74326
350.4 0.74562
350.5 0.74798
350.6 0.75033
350.7 0.75266
350.8 0.75496
350.9 0.75721
351 0.75940
351.1 0.76152
351.2 0.76357
351.3 0.76552
351.4 0.76737
351.5 0.76911
351.6 0.77073
351.7 0.77222
351.8 0.77357
351.9 0.77477
352 0.77580
352.1 0.77666
352.2 0.77736
352.3 0.77789
352.4 0.77825
352.5 0.77846
352.6 0.77850
352.7 0.77840
352.8 0.77815
352.9 0.77775
353 0.77720
353.1 0.77652
353.2 0.77570
353.3 0.77476
353.4 0.77370
353.5 0.77254
353.6 0.77128
353.7 0.76992
353.8 0.76849
353.9 0.76698
354 0.76540
354.1 0.76376
354.2 0.76208
354.3 0.76036
354.4 0.75860
354.5 0.75682
354.6 0.75503
354.7 0.75323
354.8 0.75144
354.9 0.74966
355 0.74790
355.1 0.74617
355.2 0.74448
355.3 0.74284
355.4 0.74125
355.5 0.73972
355.6 0.73827
355.7 0.73689
355.8 0.73560
355.9 0.73440
356 0.73330
356.1 0.73231
356.2 0.73144
356.3 0.73069
356.4 0.73006
356.5 0.72957
356.6 0.72922
356.7 0.72901
356.8 0.72895
356.9 0.72904
357 0.72930
357.1 0.72972
357.2 0.73030
357.3 0.73102
357.4 0.73189
357.5 0.73289
357.6 0.73400
357.7 0.73523
357.8 0.73656
357.9 0.73799
358 0.73950
358.1 0.74108
358.2 0.74273
358.3 0.74443
358.4 0.74616
358.5 0.74791
358.6 0.74967
358.7 0.75142
358.8 0.75315
358.9 0.75485
359 0.75650
359.1 0.75809
359.2 0.75961
359.3 0.76106
359.4 0.76242
359.5 0.76369
359.6 0.76486
359.7 0.76593
359.8 0.76688
359.9 0.76770
360 0.76840
360.1 0.76896
360.2 0.76937
360.3 0.76962
360.4 0.76971
360.5 0.76963
360.6 0.76936
360.7 0.76891
360.8 0.76825
360.9 0.76738
361 0.76630
361.1 0.76499
361.2 0.76347
361.3 0.76173
361.4 0.75979
361.5 0.75766
361.6 0.75535
361.7 0.75286
361.8 0.75019
361.9 0.74737
362 0.74440
362.1 0.74128
362.2 0.73804
362.3 0.73467
362.4 0.73119
362.5 0.72762
362.6 0.72396
362.7 0.72022
362.8 0.71643
362.9 0.71258
363 0.70870
363.1 0.70479
363.2 0.70086
363.3 0.69693
363.4 0.69299
363.5 0.68907
363.6 0.68517
363.7 0.68131
363.8 0.67748
363.9 0.67371
364 0.67000
364.1 0.66636
364.2 0.66280
364.3 0.65932
364.4 0.65594
364.5 0.65266
364.6 0.64948
364.7 0.64642
364.8 0.64348
364.9 0.64067
365 0.63800
365.1 0.63547
365.2 0.63308
365.3 0.63084
365.4 0.62875
365.5 0.62680
365.6 0.62500
365.7 0.62335
365.8 0.62185
365.9 0.62050
366 0.61930
366.1 0.61825
366.2 0.61735
366.3 0.61660
366.4 0.61599
366.5 0.61551
366.6 0.61516
366.7 0.61494
366.8 0.61484
366.9 0.61486
367 0.61500
367.1 0.61525
367.2 0.61560
367.3 0.61606
367.4 0.61661
367.5 0.61726
367.6 0.61800
367.7 0.61883
367.8 0.61974
367.9 0.62073
368 0.62180
368.1 0.62294
368.2 0.62414
368.3 0.62540
368.4 0.62671
368.5 0.62805
368.6 0.62943
368.7 0.63083
368.8 0.63225
368.9 0.63368
369 0.63510
369.1 0.63652
369.2 0.63791
369.3 0.63927
369.4 0.64060
369.5 0.64186
369.6 0.64307
369.7 0.64419
369.8 0.64523
369.9 0.64617
370 0.64700
370.1 0.64771
370.2 0.64829
370.3 0.64875
370.4 0.64906
370.5 0.64924
370.6 0.64928
370.7 0.64917
370.8 0.64890
370.9 0.64848
371 0.64790
371.1 0.64715
371.2 0.64625
371.3 0.64518
371.4 0.64395
371.5 0.64257
371.6 0.64103
371.7 0.63935
371.8 0.63751
371.9 0.63553
372 0.63340
372.1 0.63113
372.2 0.62873
372.3 0.62620
372.4 0.62355
372.5 0.62078
372.6 0.61791
372.7 0.61494
372.8 0.61187
372.9 0.60873
373 0.60550
373.1 0.60220
373.2 0.59884
373.3 0.59542
373.4 0.59195
373.5 0.58843
373.6 0.58487
373.7 0.58129
373.8 0.57767
373.9 0.57404
374 0.57040
374.1 0.56675
374.2 0.56310
374.3 0.55945
374.4 0.55582
374.5 0.55220
374.6 0.54860
374.7 0.54502
374.8 0.54148
374.9 0.53797
375 0.53450
375.1 0.53108
375.2 0.52770
375.3 0.52438
375.4 0.52110
375.5 0.51789
375.6 0.51473
375.7 0.51162
375.8 0.50858
375.9 0.50561
376 0.50270
376.1 0.49986
376.2 0.49709
376.3 0.49438
376.4 0.49174
376.5 0.48916
376.6 0.48665
376.7 0.48419
376.8 0.48180
376.9 0.47947
377 0.47720
377.1 0.47499
377.2 0.47283
377.3 0.47072
377.4 0.46866
377.5 0.46665
377.6 0.46468
377.7 0.46276
377.8 0.46087
377.9 0.45902
378 0.45720
378.1 0.45541
378.2 0.45365
378.3 0.45191
378.4 0.45020
378.5 0.44850
378.6 0.44682
378.7 0.44515
378.8 0.44350
378.9 0.44185
379 0.44020
379.1 0.43856
379.2 0.43691
379.3 0.43526
379.4 0.43360
379.5 0.43192
379.6 0.43023
379.7 0.42851
379.8 0.42677
379.9 0.42500
380 0.42320
380.1 0.42136
380.2 0.41949
380.3 0.41757
380.4 0.41561
380.5 0.41361
380.6 0.41156
380.7 0.40947
380.8 0.40733
380.9 0.40514
381 0.40290
381.1 0.40061
381.2 0.39826
381.3 0.39586
381.4 0.39342
381.5 0.39091
381.6 0.38835
381.7 0.38575
381.8 0.38308
381.9 0.38037
382 0.37760
382.1 0.37478
382.2 0.37190
382.3 0.36898
382.4 0.36601
382.5 0.36298
382.6 0.35991
382.7 0.35680
382.8 0.35364
382.9 0.35044
383 0.34720
383.1 0.34392
383.2 0.34060
383.3 0.33724
383.4 0.33385
383.5 0.33043
383.6 0.32697
383.7 0.32349
383.8 0.31999
383.9 0.31645
384 0.31290
384.1 0.30933
384.2 0.30573
384.3 0.30212
384.4 0.29850
384.5 0.29487
384.6 0.29122
384.7 0.28757
384.8 0.28392
384.9 0.28026
385 0.27660
385.1 0.27294
385.2 0.26929
385.3 0.26564
385.4 0.26200
385.5 0.25837
385.6 0.25474
385.7 0.25113
385.8 0.24754
385.9 0.24396
386 0.24040
386.1 0.23686
386.2 0.23334
386.3 0.22984
386.4 0.22636
386.5 0.22289
386.6 0.21945
386.7 0.21603
386.8 0.21264
386.9 0.20926
387 0.20590
387.1 0.20256
387.2 0.19925
387.3 0.19596
387.4 0.19269
387.5 0.18944
387.6 0.18622
387.7 0.18303
387.8 0.17986
387.9 0.17672
388 0.17360
388.1 0.17051
388.2 0.16745
388.3 0.16442
388.4 0.16142
388.5 0.15845
388.6 0.15550
388.7 0.15258
388.8 0.14969
388.9 0.14683
389 0.14400
389.1 0.14120
389.2 0.13842
389.3 0.13567
389.4 0.13295
389.5 0.13026
389.6 0.12760
389.7 0.12496
389.8 0.12235
389.9 0.11976
390 0.11720
390.1 0.11467
390.2 0.11216
390.3 0.10968
390.4 0.10723
390.5 0.10481
390.6 0.10242
390.7 0.10007
390.8 0.09774
390.9 0.09545
391 0.09320
391.1 0.09098
391.2 0.08880
391.3 0.08665
391.4 0.08454
391.5 0.08247
391.6 0.08043
391.7 0.07842
391.8 0.07644
391.9 0.07451
392 0.07260
392.1 0.07073
392.2 0.06889
392.3 0.06708
392.4 0.06530
392.5 0.06356
392.6 0.06185
392.7 0.06016
392.8 0.05851
392.9 0.05689
393 0.05530
393.1 0.05374
393.2 0.05221
393.3 0.05070
393.4 0.04923
393.5 0.04778
393.6 0.04637
393.7 0.04498
393.8 0.04363
393.9 0.04230
394 0.04100
394.1 0.03973
394.2 0.03849
394.3 0.03728
394.4 0.03610
394.5 0.03494
394.6 0.03382
394.7 0.03272
394.8 0.03165
394.9 0.03061
395 0.02960
395.1 0.02861
395.2 0.02766
395.3 0.02672
395.4 0.02582
395.5 0.02494
395.6 0.02408
395.7 0.02325
395.8 0.02245
395.9 0.02166
396 0.02090
396.1 0.02016
396.2 0.01944
396.3 0.01875
396.4 0.01807
396.5 0.01741
396.6 0.01678
396.7 0.01616
396.8 0.01555
396.9 0.01497
397 0.01440
397.1 0.01385
397.2 0.01331
397.3 0.01279
397.4 0.01229
397.5 0.01180
397.6 0.01133
397.7 0.01087
397.8 0.01043
397.9 0.01001
398 0.00960
398.1 0.00921
398.2 0.00883
398.3 0.00847
398.4 0.00813
398.5 0.00779
398.6 0.00747
398.7 0.00716
398.8 0.00687
398.9 0.00658
399 0.00630
399.1 0.00603
399.2 0.00577
399.3 0.00552
399.4 0.00527
399.5 0.00504
399.6 0.00482
399.7 0.00460
399.8 0.00439
399.9 0.00419
400 0.00400
400.1 0.00382
400.2 0.00365
400.3 0.00348
400.4 0.00332
400.5 0.00317
400.6 0.00302
400.7 0.00289
400.8 0.00275
400.9 0.00262
401 0.00250
401.1 0.00238
401.2 0.00227
401.3 0.00215
401.4 0.00205
401.5 0.00195
401.6 0.00185
401.7 0.00175
401.8 0.00166
401.9 0.00158
402 0.00150
402.1 0.00143
402.2 0.00135
402.3 0.00129
402.4 0.00122
402.5 0.00116
402.6 0.00111
402.7 0.00105
402.8 0.00100
402.9 0.00095
403 0.00090
403.1 0.00085
403.2 0.00081
403.3 0.00076
403.4 0.00071
403.5 0.00067
403.6 0.00063
403.7 0.00060
403.8 0.00056
403.9 0.00053
404 0.00050
404.1 0.00047
404.2 0.00045
404.3 0.00043
404.4 0.00041
404.5 0.00039
404.6 0.00037
404.7 0.00036
404.8 0.00034
404.9 0.00032
405 0.00030
405.1 0.00028
405.2 0.00025
405.3 0.00023
405.4 0.00021
405.5 0.00018
