567 0
568 0.00010376
569 0.00013632
570 0.00018166
571 0.00024546
572 0.00033674
573 0.00046958
574 0.00066615
575 0.00096281
576 0.0014197
577 0.0021394
578 0.0033016
579 0.005229
580 0.0085175
581 0.014294
582 0.024716
583 0.043845
584 0.078669
585 0.13808
586 0.22389
587 0.31647
588 0.38681
589 0.42959
590 0.45957
591 0.4907
592 0.52992
593 0.57909
594 0.63664
595 0.69842
596 0.75855
597 0.81102
598 0.85157
599 0.87899
600 0.89486
601 0.90246
602 0.9051
603 0.90551
604 0.90547
605 0.90588
606 0.90698
607 0.90863
608 0.91051
609 0.91228
610 0.9137
611 0.91465
612 0.91518
613 0.91541
614 0.91546
615 0.91551
616 0.91569
617 0.91608
618 0.91673
619 0.91761
620 0.91867
621 0.91984
622 0.921
623 0.92208
624 0.923
625 0.92372
626 0.92423
627 0.92455
628 0.92473
629 0.92482
630 0.92489
631 0.92501
632 0.92522
633 0.92557
634 0.92608
635 0.92673
636 0.92752
637 0.92841
638 0.92936
639 0.93031
640 0.93123
641 0.93207
642 0.93281
643 0.93344
644 0.93395
645 0.93435
646 0.93467
647 0.93494
648 0.93519
649 0.93546
650 0.93578
651 0.93601
652 0.93633
653 0.93674
654 0.93725
655 0.93785
656 0.9385
657 0.9392
658 0.93991
659 0.9406
660 0.94125
661 0.94184
662 0.94235
663 0.94277
664 0.94311
665 0.94338
666 0.94358
667 0.94375
668 0.94389
669 0.94404
670 0.94421
671 0.94443
672 0.94471
673 0.94507
674 0.94551
675 0.94603
676 0.94662
677 0.94726
678 0.94795
679 0.94865
680 0.94935
681 0.95002
682 0.95064
683 0.9512
684 0.95168
685 0.95207
686 0.95238
687 0.95259
688 0.95273
689 0.9528
690 0.95282
691 0.95281
692 0.95279
693 0.95279
694 0.95282
695 0.95291
696 0.95306
697 0.95329
698 0.95361
699 0.95402
700 0.9545
701 0.95473
702 0.95502
703 0.95535
704 0.95571
705 0.95608
706 0.95644
707 0.95678
708 0.95707
709 0.95732
710 0.95749
711 0.9576
712 0.95763
713 0.95758
714 0.95745
715 0.95726
716 0.95701
717 0.95672
718 0.9564
719 0.95606
720 0.95572
721 0.9561
722 0.95651
723 0.95696
724 0.95746
725 0.95802
726 0.95865
727 0.95935
728 0.96012
729 0.96095
730 0.96185
731 0.9628
732 0.96379
733 0.96481
734 0.96585
735 0.96689
736 0.96793
737 0.96895
738 0.96994
739 0.9709
740 0.9718
741 0.97241
742 0.97297
743 0.97347
744 0.97391
745 0.97431
746 0.97467
747 0.975
748 0.9753
749 0.97558
750 0.97585
751 0.97613
752 0.97643
753 0.97674
754 0.97709
755 0.97747
756 0.9779
757 0.97837
758 0.97888
759 0.97944
760 0.98004
761 0.98074
762 0.98146
763 0.98221
764 0.98299
765 0.98377
766 0.98455
767 0.98533
768 0.98609
769 0.98683
770 0.98754
771 0.98821
772 0.98884
773 0.98942
774 0.98995
775 0.99044
776 0.99088
777 0.99128
778 0.99164
779 0.99196
780 0.99226
781 0.99188
782 0.99149
783 0.99109
784 0.9907
785 0.99032
786 0.98995
787 0.98961
788 0.9893
789 0.98903
790 0.9888
791 0.9886
792 0.98845
793 0.98834
794 0.98828
795 0.98825
796 0.98825
797 0.98829
798 0.98834
799 0.98842
800 0.98851
801 0.989
802 0.98949
803 0.98997
804 0.99043
805 0.99088
806 0.99129
807 0.99168
808 0.99203
809 0.99234
810 0.99262
811 0.99285
812 0.99304
813 0.9932
814 0.99333
815 0.99342
816 0.99349
817 0.99354
818 0.99357
819 0.9936
820 0.99362
821 0.99345
822 0.99328
823 0.99314
824 0.99301
825 0.99291
826 0.99284
827 0.99281
828 0.99281
829 0.99285
830 0.99293
831 0.99305
832 0.9932
833 0.99339
834 0.99362
835 0.99387
836 0.99416
837 0.99446
838 0.99479
839 0.99513
840 0.99547
841 0.99592
842 0.99637
843 0.9968
844 0.99722
845 0.99762
846 0.998
847 0.99836
848 0.99868
849 0.99897
850 0.99922
851 0.99944
852 0.99961
853 0.99975
854 0.99986
855 0.99993
856 0.99998
857 1
858 1
859 0.99997
860 0.99994
861 0.99924
862 0.99853
863 0.99783
864 0.99712
865 0.99643
866 0.99574
867 0.99507
868 0.99442
869 0.99379
870 0.99319
871 0.99261
872 0.99205
873 0.99153
874 0.99103
875 0.99056
876 0.99012
877 0.9897
878 0.98931
879 0.98894
880 0.98858
881 0.98699
882 0.98542
883 0.98385
884 0.98229
885 0.98073
886 0.97917
887 0.9776
888 0.97603
889 0.97445
890 0.97285
891 0.97124
892 0.96962
893 0.96797
894 0.9663
895 0.96461
896 0.9629
897 0.96117
898 0.95941
899 0.95764
900 0.95584
901 0.95312
902 0.95038
903 0.94763
904 0.94486
905 0.94209
906 0.9393
907 0.93651
908 0.93371
909 0.93091
910 0.92811
911 0.92532
912 0.92253
913 0.91974
914 0.91697
915 0.91421
916 0.91146
917 0.90872
918 0.90599
919 0.90328
920 0.90059
921 0.8964
922 0.89223
923 0.88807
924 0.88393
925 0.8798
926 0.87568
927 0.87157
928 0.86747
929 0.86338
930 0.8593
931 0.85522
932 0.85114
933 0.84706
934 0.84299
935 0.83891
936 0.83483
937 0.83075
938 0.82666
939 0.82257
940 0.81847
941 0.81351
942 0.80854
943 0.80356
944 0.79857
945 0.79358
946 0.78858
947 0.78357
948 0.77855
949 0.77353
950 0.7685
951 0.76346
952 0.75842
953 0.75338
954 0.74833
955 0.74328
956 0.73823
957 0.73318
958 0.72813
959 0.72309
960 0.71804
961 0.71189
962 0.70575
963 0.69961
964 0.69347
965 0.68734
966 0.68121
967 0.67509
968 0.66898
969 0.66286
970 0.65676
971 0.65065
972 0.64455
973 0.63846
974 0.63237
975 0.62627
976 0.62018
977 0.6141
978 0.60801
979 0.60192
980 0.59583
981 0.58808
982 0.58033
983 0.57257
984 0.56482
985 0.55705
986 0.54929
987 0.54151
988 0.53374
989 0.52596
990 0.51817
991 0.51038
992 0.50258
993 0.49478
994 0.48698
995 0.47917
996 0.47135
997 0.46354
998 0.45572
999 0.4479
1000 0.44007
1001 0.43179
1002 0.42351
1003 0.41524
1004 0.40696
1005 0.39868
1006 0.3906
1007 0.38253
1008 0.37446
1009 0.36639
1010 0.35833
1011 0.35067
1012 0.34301
1013 0.33536
1014 0.32771
1015 0.32006
1016 0.31242
1017 0.30478
1018 0.29715
1019 0.28952
1020 0.28189
1021 0.27587
1022 0.26985
1023 0.26384
1024 0.25783
1025 0.25182
1026 0.24461
1027 0.2374
1028 0.2302
1029 0.22299
1030 0.21578
1031 0.20998
1032 0.20418
1033 0.19837
1034 0.19257
1035 0.18676
1036 0.18116
1037 0.17555
1038 0.16994
1039 0.16434
1040 0.15872
1041 0.15552
1042 0.15232
1043 0.14912
1044 0.14591
1045 0.14271
1046 0.1389
1047 0.13509
1048 0.13127
1049 0.12746
1050 0.12364
1051 0.12003
1052 0.11641
1053 0.11279
1054 0.10917
1055 0.10556
1056 0.10222
1057 0.09888
1058 0.095542
1059 0.092203
1060 0.088865
1061 0.086813
1062 0.084761
1063 0.08271
1064 0.080658
1065 0.078606
1066 0.076274
1067 0.073941
1068 0.071609
1069 0.069277
1070 0.066945
1071 0.065297
1072 0.063648
1073 0.062
1074 0.060352
1075 0.058704
1076 0.056934
1077 0.055165
1078 0.053395
1079 0.051625
1080 0.049854
1081 0.049108
1082 0.048361
1083 0.047614
1084 0.046865
1085 0.046115
1086 0.044982
1087 0.043848
1088 0.042712
1089 0.041576
1090 0.040437
1091 0.039318
1092 0.038197
1093 0.037074
1094 0.03595
1095 0.034825
1096 0.033698
1097 0.032571
1098 0.031442
1099 0.030312
1100 0.029182
1101 0.028051
1102 0.02692
1103 0.025789
1104 0.024658
1105 0.023528
1106 0.022399
1107 0.021271
1108 0.020145
1109 0.019021
1110 0.017899
1111 0.016781
1112 0.015666
1113 0.014555
1114 0.013448
1115 0.012346
1116 0.011248
1117 0.010157
1118 0.0090715
1119 0.0079924
1120 0.0069202
1121 0.005855
1122 0.0047974
1123 0.0037476
1124 0.0027059
1125 0.0016725
1126 0.00064763
1127 0
