2600 0.0000023718
2610 0.0003578700
2620 0.0011801000
2630 0.0009294400
2640 0.0007509500
2650 0.0008194000
2660 0.0008818300
2670 0.0010517000
2680 0.0003386700
2690 0.0005170500
2700 0.0008184600
2710 0.0087291000
2720 0.0077299000
2730 0.0046045000
2740 0.0034356000
2750 0.0073993000
2760 0.0137470000
2770 0.0235500000
2780 0.0452090000
2790 0.0888750000
2800 0.1555600000
2810 0.2300900000
2820 0.2836900000
2830 0.3068700000
2840 0.3042500000
2850 0.2941500000
2860 0.2821000000
2870 0.2680900000
2880 0.2550100000
2890 0.2540100000
2900 0.2662500000
2910 0.2890300000
2920 0.3150100000
2930 0.3378200000
2940 0.3570200000
2950 0.3735600000
2960 0.3886500000
2970 0.4054800000
2980 0.4214500000
2990 0.4326300000
3000 0.4370100000
3010 0.4414200000
3020 0.4458400000
3030 0.4453400000
3040 0.4378700000
3050 0.4283600000
3060 0.4147700000
3070 0.4000800000
3080 0.3822700000
3090 0.3673600000
3100 0.3594400000
3110 0.3677100000
3120 0.3953900000
3130 0.4375500000
3140 0.4768900000
3150 0.5072200000
3160 0.5284400000
3170 0.5446100000
3180 0.5587900000
3190 0.5720100000
3200 0.5832000000
3210 0.5902700000
3220 0.5973700000
3230 0.6023900000
3240 0.6063700000
3250 0.6029300000
3260 0.5984000000
3270 0.5959600000
3280 0.5999300000
3290 0.6178700000
3300 0.6531700000
3310 0.6994700000
3320 0.7482100000
3330 0.7917900000
3340 0.8225400000
3350 0.8402100000
3360 0.8405200000
3370 0.8265100000
3380 0.8102000000
3390 0.7905600000
3400 0.7695700000
3410 0.7584700000
3420 0.7752200000
3430 0.8211700000
3440 0.8830000000
3450 0.9396600000
3460 0.9762800000
3470 0.9949700000
3480 1.0000000000
3490 0.9983100000
3500 0.9977400000
3510 0.9972700000
3520 0.9966600000
3530 0.9961500000
3540 0.9885700000
3550 0.9751300000
3560 0.9569400000
3570 0.9363100000
3580 0.9155500000
3590 0.9028600000
3600 0.9006700000
3610 0.9137900000
3620 0.9364200000
3630 0.9579800000
3640 0.9701300000
3650 0.9751800000
3660 0.9754600000
3670 0.9757200000
3680 0.9747800000
3690 0.9738100000
3700 0.9729500000
3710 0.9743600000
3720 0.9745600000
3730 0.9674300000
3740 0.9394900000
3750 0.8845600000
3760 0.7986200000
3770 0.6829000000
3780 0.5480400000
3790 0.4072600000
3800 0.2818600000
3810 0.1852900000
3820 0.1156800000
3830 0.0708030000
3840 0.0436460000
3850 0.0276010000
3860 0.0176000000
3870 0.0110160000
3880 0.0067609000
3890 0.0047912000
3900 0.0039844000
3910 0.0031390000
3920 0.0023814000
3930 0.0022553000
3940 0.0018119000
3950 0.0015120000
3960 0.0011342000
3970 0.0006554600
3980 0.0003544900
3990 0.0000428100
4000 0.0001003200
