3890 0.0001082500
3900 0.0001545400
3910 0.0002234100
3920 0.0004175000
3930 0.0005683400
3940 0.0004411300
3950 0.0013124000
3960 0.0092633000
3970 0.0114780000
3980 0.0145090000
3990 0.0186720000
4000 0.0244210000
4010 0.0344260000
4020 0.0505560000
4030 0.0750320000
4040 0.1100100000
4050 0.1570100000
4060 0.2246700000
4070 0.3065000000
4080 0.3971200000
4090 0.4939100000
4100 0.5889400000
4110 0.6726900000
4120 0.7415400000
4130 0.7976100000
4140 0.8385700000
4150 0.8631300000
4160 0.8806600000
4170 0.8911100000
4180 0.8956400000
4190 0.8953900000
4200 0.8939200000
4210 0.8888400000
4220 0.8825100000
4230 0.8761400000
4240 0.8770000000
4250 0.8802800000
4260 0.8811400000
4270 0.8783200000
4280 0.8779400000
4290 0.8812100000
4300 0.8881800000
4310 0.8951700000
4320 0.9021900000
4330 0.9067500000
4340 0.9100800000
4350 0.9109400000
4360 0.9080500000
4370 0.9051400000
4380 0.8997000000
4390 0.8917200000
4400 0.8849500000
4410 0.8794000000
4420 0.8738200000
4430 0.8707400000
4440 0.8663600000
4450 0.8645000000
4460 0.8651700000
4470 0.8696600000
4480 0.8780000000
4490 0.8889400000
4500 0.9012100000
4510 0.9161000000
4520 0.9284600000
4530 0.9421600000
4540 0.9533200000
4550 0.9619200000
4560 0.9692400000
4570 0.9739800000
4580 0.9774200000
4590 0.9769300000
4600 0.9751200000
4610 0.9719700000
4620 0.9661600000
4630 0.9603100000
4640 0.9531100000
4650 0.9458600000
4660 0.9385800000
4670 0.9352500000
4680 0.9319100000
4690 0.9312200000
4700 0.9305200000
4710 0.9338500000
4720 0.9385300000
4730 0.9445700000
4740 0.9546900000
4750 0.9621300000
4760 0.9723200000
4770 0.9798100000
4780 0.9859600000
4790 0.9880200000
4800 0.9900900000
4810 0.9894000000
4820 0.9887000000
4830 0.9893800000
4840 0.9886600000
4850 0.9893200000
4860 0.9899700000
4870 0.9906100000
4880 0.9926500000
4890 0.9946800000
4900 0.9967100000
4910 0.9973500000
4920 0.9993800000
4930 1.0000000000
4940 0.9992100000
4950 0.9969900000
4960 0.9947500000
4970 0.9910800000
4980 0.9859600000
4990 0.9808100000
5000 0.9713500000
5010 0.9632700000
5020 0.9522800000
5030 0.9412500000
5040 0.9301600000
5050 0.9190200000
5060 0.9078300000
5070 0.8965900000
5080 0.8867500000
5090 0.8768600000
5100 0.8669300000
5110 0.8540300000
5120 0.8410700000
5130 0.8207300000
5140 0.7988300000
5150 0.7636100000
5160 0.7267600000
5170 0.6764700000
5180 0.6200700000
5190 0.5560200000
5200 0.4856400000
5210 0.4166200000
5220 0.3471700000
5230 0.2835900000
5240 0.2256000000
5250 0.1750400000
5260 0.1354600000
5270 0.0992480000
5280 0.0759350000
5290 0.0532130000
5300 0.0407460000
5310 0.0283070000
5320 0.0210810000
5330 0.0146970000
5340 0.0104350000
5350 0.0072372000
5360 0.0040457000
5370 0.0030484000
5380 0.0022763000
5390 0.0017339000
5400 0.0012893000
5410 0.0009729400
5420 0.0007387600
5430 0.0005488500
5440 0.0003910200
5450 0.0003095300
5460 0.0002154200
5470 0.0002786300
5480 0.0003153100
5490 0.0003135300
5500 0.0002592600
5510 0.0002251000
5520 0.0001953900
5530 0.0001501200
5540 0.0001333300
5550 0.0001042400
5560 0.0000605190
